source,target,migration_1995_total,migration_1995_male,migration_1995_female,migration_2000_total,migration_2000_male,migration_2000_female,migration_2005_total,migration_2005_male,migration_2005_female,migration_2010_total,migration_2010_male,migration_2010_female,migration_2015_total,migration_2015_male,migration_2015_female
0,64,49,44,5,34,33,1,29,25,4,15,10,5,37,21,16
0,118,225,205,20,216,196,20,41,32,9,25,19,6,36,25,11
0,142,3,1,2,3,2,1,13,5,8,2,0,2,4,1,3
0,191,23,13,10,6,4,2,17,7,10,22,14,8,14,9,5
0,202,3763,1792,1971,4870,2356,2514,4482,2187,2295,3736,1781,1955,1313,627,686
0,124,4,2,2,8,3,5,200,112,88,234,134,100,20,17,3
0,161,328,157,171,428,204,224,187,88,99,233,101,132,19,10,9
0,203,9,5,4,11,5,6,10,4,6,9,5,4,0,0,0
0,97,2133,1100,1033,2134,1100,1034,752,395,357,753,395,358,301,158,143
0,99,1094533,602240,492293,67147,62788,4359,228013,72436,155577,201085,158963,42122,206413,115067,91346
0,155,2064101,1053017,1011084,797115,454393,342722,916210,489764,426446,815432,390539,424893,290222,208045,82177
0,194,15,13,2,16,9,7,32,11,21,66,35,31,1,1,0
0,13,31,17,14,3,1,2,11,9,2,18,10,8,9,6,3
0,15,21,13,8,22,11,11,134,89,45,221,147,74,43,26,17
0,55,1,1,0,1,1,0,2,0,2,4,2,2,0,0,0
0,100,135,46,89,77,46,31,109,74,35,19,11,8,49,25,24
0,103,112,40,72,46,17,29,180,70,110,148,57,91,77,30,47
0,107,1,1,0,3,2,1,4,2,2,70,51,19,76,56,20
0,111,266,127,139,151,142,9,97,45,52,427,268,159,926,476,450
0,165,33,31,2,29,16,13,232,166,66,736,625,111,215,193,22
0,180,4133,3047,1086,4680,3370,1310,41193,31666,9527,64134,48679,15455,83909,50810,33099
0,201,92,47,45,80,40,40,454,233,221,985,502,483,180,92,88
0,211,1981,1358,623,613,84,529,305,84,221,1697,889,808,2579,1345,1234
0,217,458,335,123,580,415,165,540,308,232,3670,2599,1071,712,474,238
0,18,76,46,30,76,47,29,11,7,4,11,7,4,12,7,5
0,31,15,8,7,16,8,8,37,37,0,32,29,3,36,24,12
0,56,26,20,6,26,20,6,118,65,53,99,56,43,107,78,29
0,95,129,102,27,129,102,27,125,80,45,125,81,44,551,433,118
0,162,32,28,4,27,24,3,9,7,2,4,3,1,6,5,1
0,170,4401,437,3964,4260,85,4175,3158,2961,197,3329,3103,226,96,67,29
0,187,28,23,5,45,36,9,13,11,2,14,12,2,27,23,4
0,216,84,48,36,52,23,29,209,161,48,102,78,24,7,7,0
0,59,1294,691,603,1293,691,602,3700,1986,1714,3699,1986,1713,1920,1274,646
0,68,0,0,0,0,0,0,0,0,0,13,10,3,1,1,0
0,73,140,68,72,140,69,71,1226,697,529,1225,696,529,2075,1001,1074
0,96,0,0,0,0,0,0,3,3,0,2,2,0,4,0,4
0,101,50,40,10,94,76,18,4,2,2,28,25,3,3,2,1
0,114,12,7,5,12,7,5,2,1,1,1,1,0,5,4,1
0,120,5,3,2,10,6,4,6,1,5,7,2,5,3,3,0
0,153,98,20,78,287,145,142,4433,2732,1701,3793,2334,1459,4374,2663,1711
0,199,629,340,289,290,149,141,4058,2109,1949,6075,3913,2162,14665,9118,5547
0,218,6084,3904,2180,6222,3988,2234,21718,12945,8773,24657,14897,9760,7499,4244,3255
0,83,149,114,35,141,109,32,3070,2462,608,3069,2461,608,187,163,24
0,104,35,24,11,35,23,12,3183,3000,183,3183,3001,182,13,6,7
0,188,1,1,0,2,2,0,4,4,0,5,5,0,20,20,0
0,193,13,9,4,418,300,118,236,170,66,220,188,32,19,4,15
0,12,609,438,171,609,438,171,702,428,274,702,429,273,1250,852,398
0,19,7,3,4,9,4,5,1167,719,448,844,548,296,8598,6914,1684
0,74,109,37,72,108,37,71,154,37,117,992,466,526,360,191,169
0,80,18258,8045,10213,18257,8044,10213,13262,7596,5666,13262,7596,5666,3320,1811,1509
0,145,4666,2602,2064,5152,2864,2288,12699,6903,5796,1491,1360,131,2699,1353,1346
0,200,487,347,140,497,355,142,560,324,236,626,252,374,687,539,148
0,50,14,6,8,8,4,4,1,0,1,2,0,2,0,0,0
0,148,5,3,2,15,8,7,17,8,9,3,2,1,4,3,1
0,8,2,1,1,2,1,1,5,0,5,6,1,5,0,0,0
0,24,1,1,0,1,0,1,1,1,0,0,0,0,0,0,0
0,28,0,0,0,0,0,0,28,18,10,29,19,10,12,8,4
0,42,8,6,2,7,6,1,3,2,1,3,2,1,6,5,1
0,46,3,2,1,3,1,2,5,3,2,12,8,4,8,5,3
0,63,3,2,1,2,1,1,4,3,1,11,7,4,17,11,6
0,37,8356,4018,4338,8682,4178,4504,8359,4466,3893,10204,5423,4781,4811,2417,2394
0,220,7638,4363,3275,9113,5236,3877,5291,3075,2216,5911,398,5513,6858,3415,3443
0,11,5164,3063,2101,4697,2812,1885,6060,3300,2760,12230,6270,5960,6602,5218,1384
0,147,333,179,154,225,65,160,1337,649,688,263,126,137,226,107,119
1,64,15,13,2,8,8,0,17,13,4,8,3,5,21,6,15
1,118,49,38,11,43,32,11,39,30,9,23,16,7,34,23,11
1,191,15,6,9,5,2,3,13,5,8,48,19,29,35,15,20
1,161,19,10,9,142,67,75,242,117,125,226,114,112,2,1,1
1,55,29,16,13,28,15,13,59,33,26,111,65,46,13,9,4
1,211,1138,567,571,1147,570,577,94,13,81,96,10,86,79,15,64
1,31,213,111,102,212,111,101,296,164,132,262,146,116,48,18,30
1,56,22,14,8,22,14,8,96,67,29,80,59,21,50,34,16
1,95,17,15,2,16,14,2,30,16,14,30,16,14,37,31,6
1,162,12,8,4,10,7,3,40,37,3,39,38,1,6,5,1
1,169,41,39,2,9,1,8,51,8,43,51,34,17,577,243,334
1,170,86,24,62,83,5,78,337,195,142,348,201,147,4,1,3
1,187,23,21,2,31,26,5,8,7,1,8,7,1,17,14,3
1,59,40,16,24,39,16,23,89,42,47,88,42,46,60,25,35
1,73,17,11,6,17,11,6,80,72,8,79,71,8,189,126,63
1,96,5,2,3,5,2,3,10,6,4,10,6,4,1,0,1
1,101,101,57,44,188,113,75,17,9,8,56,42,14,6,2,4
1,114,2,1,1,2,1,1,1,0,1,2,1,1,2,1,1
1,153,60,29,31,68,39,29,127,76,51,162,71,91,534,337,197
1,199,55,29,26,26,13,13,317,181,136,590,356,234,880,498,382
1,218,1025,657,368,1046,669,377,5124,3237,1887,5724,3642,2082,1613,951,662
1,52,83,41,42,74,37,37,10,1,9,9,1,8,1,0,1
1,83,166255,95772,70483,170035,96393,73642,23345,903,22442,23344,903,22441,17548,13567,3981
1,104,114737,57257,57480,114736,57257,57479,86551,43840,42711,86551,43840,42711,7642,3783,3859
1,127,3,1,2,29,12,17,28,9,19,10,3,7,18,10,8
1,137,0,0,0,0,0,0,0,0,0,2015,829,1186,739,314,425
1,163,13,8,5,16,10,6,5,1,4,3,2,1,5,1,4
1,178,3,1,2,3,0,3,5,2,3,2,1,1,7,4,3
1,182,307,64,243,131,19,112,6,5,1,11,3,8,11,3,8
1,188,36,24,12,38,24,14,43,39,4,58,32,26,48,33,15
1,193,197,107,90,353,193,160,382,233,149,713,428,285,131,6,125
1,204,13008,5423,7585,11358,4735,6623,415,160,255,2102,827,1275,2431,335,2096
1,12,222,126,96,222,127,95,257,103,154,256,103,153,457,234,223
1,19,9,6,3,48,23,25,772,406,366,1796,901,895,3643,1997,1646
1,74,110,33,77,110,34,76,2136,1091,1045,442,226,216,506,255,251
1,80,3092,919,2173,3091,918,2173,3024,1253,1771,3024,1254,1770,601,303,298
1,121,15,8,7,11,7,4,35,11,24,32,10,22,104,63,41
1,145,86,48,38,95,51,44,304,140,164,231,140,91,295,118,177
1,200,143,80,63,142,77,65,188,62,126,217,1,216,299,206,93
1,53,58,35,23,59,36,23,0,0,0,11,5,6,11,5,6
1,50,2,1,1,1,1,0,1,1,0,2,2,0,0,0,0
1,8,4,2,2,4,1,3,37,22,15,37,22,15,0,0,0
1,24,3,0,3,3,0,3,1,0,1,0,0,0,0,0,0
1,42,1,0,1,1,1,0,5,1,4,5,0,5,10,4,6
1,46,7,6,1,7,6,1,4,3,1,3,0,3,3,2,1
1,63,11,6,5,11,6,5,5,3,2,14,7,7,22,12,10
1,225,1,1,0,0,0,0,0,0,0,2,1,1,1,0,1
1,37,2865,1381,1484,2942,1419,1523,3437,1842,1595,4017,2146,1871,1606,816,790
1,220,16074,9313,6761,16962,9854,7108,14602,8563,6039,15256,5449,9807,12675,3348,9327
1,11,331,122,209,255,77,178,730,340,390,630,270,360,404,194,210
1,68,0,0,0,0,0,0,0,0,0,7,7,0,0,0,0
2,77,7,4,3,11,7,4,5,3,2,8,4,4,6,3,3
2,64,30,6,24,75,20,55,123,72,51,61,2,59,221,33,188
2,118,528,349,179,563,392,171,528,398,130,274,173,101,405,214,191
2,139,759,462,297,448,163,285,226,52,174,1087,525,562,3474,1717,1757
2,210,144,28,116,3702,1807,1895,390,145,245,1509,765,744,2375,1240,1135
2,228,4,2,2,5,3,2,9,5,4,9,5,4,10,6,4
2,142,32,13,19,47,21,26,134,65,69,19,8,11,41,18,23
2,191,115,60,55,47,18,29,36,26,10,133,99,34,102,77,25
2,81,0,0,0,1,1,0,3,2,1,0,0,0,2,1,1
2,126,127,27,100,65,9,56,1706,774,932,1731,783,948,314,138,176
2,130,139,119,20,142,97,45,49,31,18,27,20,7,13,10,3
2,149,71,39,32,74,39,35,8,3,5,8,2,6,18,12,6
2,181,158,42,116,347,222,125,248,163,85,417,256,161,110,42,68
2,202,38,17,21,22,9,13,5,2,3,3,1,2,4,3,1
2,161,209,125,84,45,40,5,55,28,27,32,22,10,8,5,3
2,55,4,2,2,3,1,2,8,4,4,14,7,7,1,0,1
2,103,5970,2595,3375,4542,2083,2459,6894,3166,3728,7342,3332,4010,1388,518,870
2,107,98,53,45,97,53,44,185,118,67,172,105,67,411,247,164
2,211,222,160,62,225,162,63,18,10,8,19,10,9,8,2,6
2,18,14,11,3,14,11,3,2,2,0,3,3,0,3,3,0
2,31,73,37,36,73,38,35,101,55,46,90,50,40,4,2,2
2,56,41,36,5,40,35,5,247,226,21,214,199,15,77,37,40
2,95,102,49,53,102,50,52,111,86,25,110,85,25,43,25,18
2,162,94,73,21,79,61,18,74,66,8,80,78,2,21,16,5
2,169,4,3,1,2,1,1,1,1,0,1,1,0,137,58,79
2,170,174,30,144,170,7,163,126,63,63,144,76,68,15,9,6
2,187,24,21,3,34,28,6,9,7,2,9,8,1,18,14,4
2,59,191,111,80,190,111,79,43,13,30,42,13,29,27,6,21
2,73,72,55,17,72,56,16,165,117,48,165,118,47,302,219,83
2,96,7,5,2,6,5,1,1,0,1,2,1,1,11,11,0
2,101,200,140,60,373,269,104,26,14,12,112,94,18,12,6,6
2,114,3,3,0,3,2,1,2,2,0,3,3,0,3,2,1
2,153,110,71,39,173,88,85,189,110,79,197,98,99,98,52,46
2,199,247,160,87,114,72,42,311,194,117,583,382,201,429,244,185
2,218,3304,2424,880,3420,2497,923,6111,3831,2280,7450,4788,2662,2947,1842,1105
2,52,0,0,0,0,0,0,28,13,15,28,14,14,0,0,0
2,83,55,12,43,59,13,46,405,386,19,404,386,18,30,27,3
2,104,4820,3675,1145,4819,3674,1145,3329,1558,1771,3328,1557,1771,292,144,148
2,127,4,2,2,6,5,1,7,4,3,11,8,3,12,10,2
2,163,63,40,23,69,43,26,37,31,6,21,6,15,20,12,8
2,182,35,22,13,15,9,6,0,0,0,1,1,0,2,1,1
2,188,4,3,1,5,2,3,12,12,0,12,9,3,7,5,2
2,193,1290,1239,51,6654,4763,1891,28923,22666,6257,11962,6294,5668,8227,6583,1644
2,12,91,72,19,91,73,18,105,75,30,105,75,30,187,143,44
2,19,770,570,200,1050,713,337,1197,492,705,1543,941,602,3115,2259,856
2,74,25503,8482,17021,25503,8483,17020,497290,212966,284324,97825,41609,56216,108053,56529,51524
2,80,3873,3244,629,3872,3244,628,3130,1409,1721,3129,1409,1720,775,541,234
2,121,12,9,3,12,8,4,12,3,9,10,2,8,34,19,15
2,145,930,643,287,1023,706,317,333,75,258,202,170,32,109,23,86
2,200,646,445,201,668,465,203,689,294,395,832,114,718,1431,1098,333
2,53,25,15,10,25,15,10,0,0,0,4,1,3,5,3,2
2,86,25,11,14,25,11,14,13,5,8,13,6,7,6,2,4
2,129,23,10,13,23,9,14,4,1,3,4,0,4,3,0,3
2,50,23,10,13,12,5,7,3,1,2,6,2,4,0,0,0
2,133,40,29,11,44,31,13,23,11,12,10,2,8,2,1,1
2,148,10,6,4,28,12,16,31,12,19,6,3,3,8,4,4
2,8,5,2,3,5,1,4,57,34,23,58,35,23,0,0,0
2,24,3,2,1,3,2,1,3,2,1,4,3,1,0,0,0
2,42,4,2,2,5,2,3,8,3,5,8,2,6,16,8,8
2,46,2,2,0,1,1,0,2,1,1,4,3,1,2,2,0
2,63,2,1,1,2,2,0,4,3,1,9,7,2,15,12,3
2,75,3,2,1,3,2,1,5,4,1,5,3,2,2,1,1
2,160,1,1,0,3,2,1,3,2,1,1,1,0,1,1,0
2,225,2,1,1,1,1,0,3,1,2,5,3,2,6,3,3
2,37,8271,3980,4291,8557,4120,4437,14183,8179,6004,16271,9311,6960,5999,3207,2792
2,220,2971,1924,1047,3282,2131,1151,1438,948,490,1590,892,698,4342,276,4066
2,11,285,198,87,230,165,65,160,60,100,40,20,20,181,118,63
2,146,81,42,39,82,43,39,43,25,18,44,26,18,39,23,16
2,76,59,32,27,46,23,23,33,22,11,26,8,18,36,23,13
2,28,0,0,0,0,0,0,91,46,45,91,46,45,37,19,18
2,68,0,0,0,0,0,0,0,0,0,14,11,3,1,1,0
3,55,0,0,0,0,0,0,0,0,0,0,0,0,0,0,0
3,170,53,22,31,17,5,12,488,235,253,498,241,257,0,0,0
3,83,5,1,4,6,1,5,7,2,5,7,1,6,0,0,0
3,74,0,0,0,0,0,0,11,6,5,11,6,5,0,0,0
3,37,0,0,0,3,1,2,59,29,30,55,26,29,0,0,0
3,11,30,25,5,26,22,4,90,40,50,50,40,10,120,72,48
3,134,2,0,2,2,2,0,4,2,2,2,1,1,2,0,2
3,177,511,268,243,501,258,243,118,73,45,239,134,105,62,40,22
4,31,0,0,0,0,0,0,1,1,0,0,0,0,1,1,0
4,56,2,1,1,2,1,1,4,2,2,4,2,2,0,0,0
4,59,0,0,0,0,0,0,0,0,0,1,1,0,1,1,0
4,73,0,0,0,0,0,0,1,1,0,0,0,0,1,1,0
4,101,1,0,1,2,0,2,0,0,0,1,0,1,0,0,0
4,114,0,0,0,0,0,0,0,0,0,1,1,0,1,1,0
4,218,9,5,4,11,5,6,13,6,7,18,8,10,6,4,2
4,83,3,1,2,1,0,1,2,1,1,2,1,1,0,0,0
4,104,9,3,6,8,3,5,56,16,40,55,15,40,4,2,2
4,163,142,68,74,153,73,80,11,4,7,77,36,41,32,7,25
4,193,347,182,165,1362,693,669,418,202,216,1443,731,712,322,128,194
4,12,1,1,0,0,0,0,0,0,0,0,0,0,0,0,0
4,74,40,7,33,40,7,33,333,134,199,72,54,18,74,30,44
4,200,5,4,1,7,5,2,6,4,2,8,3,5,8,7,1
4,8,0,0,0,0,0,0,0,0,0,0,0,0,0,0,0
4,24,1,1,0,1,0,1,0,0,0,0,0,0,0,0,0
4,42,2,1,1,1,1,0,1,0,1,2,1,1,6,2,4
4,46,1,1,0,1,0,1,2,1,1,5,3,2,3,2,1
4,37,2,1,1,3,1,2,8,4,4,7,3,4,0,0,0
4,11,152,69,83,161,74,87,20,10,10,20,10,10,0,0,0
4,96,0,0,0,0,0,0,0,0,0,0,0,0,4,2,2
4,28,0,0,0,0,0,0,5,5,0,5,5,0,2,2,0
5,67,186,100,86,187,100,87,140,71,69,139,70,69,5,5,0
5,219,241,144,97,60,36,24,135,81,54,33,20,13,63,43,20
5,230,17224,8509,8715,79247,40165,39082,121727,61424,60303,61415,30561,30854,19642,9943,9699
5,36,0,0,0,0,0,0,2571,1244,1327,525,206,319,288,185,103
5,48,7936,3747,4189,12830,6043,6787,15550,7348,8202,15478,9402,6076,10210,4702,5508
5,58,192060,88350,103710,49331,22604,26727,63648,33716,29932,2083,402,1681,74797,31058,43739
5,77,66,38,28,114,67,47,50,30,20,80,48,32,65,38,27
5,179,88,82,6,134,18,116,140,59,81,110,45,65,46,19,27
5,64,2,2,0,0,0,0,4,3,1,2,1,1,5,1,4
5,27,338,167,171,431,215,216,672,329,343,680,334,346,878,420,458
5,142,1050,605,445,25668,14355,11313,10182,6133,4049,1401,796,605,3083,1755,1328
5,191,4441,2158,2283,4508,2627,1881,4163,1031,3132,9848,5496,4352,706,398,308
5,198,14,7,7,49,24,25,20,8,12,19,7,12,16,11,5
5,34,311,179,132,310,179,131,926,489,437,927,490,437,14,6,8
5,126,2,2,0,5,3,2,204,114,90,209,116,93,37,20,17
5,161,782,339,443,1160,509,651,1254,575,679,1195,561,634,2,1,1
5,31,2,1,1,2,1,1,1,0,1,1,0,1,1,0,1
5,56,17,15,2,17,15,2,62,51,11,51,42,9,9,7,2
5,95,11,3,8,10,3,7,14,10,4,13,9,4,7,3,4
5,162,6,6,0,4,4,0,14,11,3,17,13,4,1,1,0
5,170,73,12,61,70,2,68,89,71,18,82,63,19,10,7,3
5,187,2,1,1,5,5,0,2,1,1,2,2,0,5,4,1
5,59,29,11,18,29,11,18,23,9,14,23,10,13,7,7,0
5,73,45,29,16,45,29,16,134,83,51,134,84,50,191,95,96
5,96,5,3,2,4,3,1,11,9,2,10,8,2,4,3,1
5,101,163,78,85,304,157,147,36,19,17,91,65,26,10,2,8
5,114,0,0,0,1,1,0,0,0,0,0,0,0,1,0,1
5,153,11,5,6,62,30,32,138,61,77,138,68,70,107,63,44
5,199,63,27,36,30,12,18,119,58,61,164,84,80,42,24,18
5,218,2418,1143,1275,2474,1168,1306,3750,1634,2116,4521,2044,2477,1724,686,1038
5,83,3,2,1,2,1,1,5,2,3,5,2,3,0,0,0
5,104,720,376,344,720,377,343,63,14,49,62,14,48,36,18,18
5,163,12681,6078,6603,18939,9332,9607,3602,2049,1553,31765,15096,16669,13447,2898,10549
5,193,331,199,132,992,576,416,914,517,397,567,356,211,452,316,136
5,12,24,14,10,24,15,9,28,13,15,28,13,15,49,27,22
5,19,150,70,80,165,77,88,1289,642,647,804,372,432,1622,773,849
5,74,372,126,246,372,126,246,2592,951,1641,4844,2309,2535,1608,788,820
5,145,816,508,308,902,558,344,5856,3524,2332,1841,1239,602,2139,1399,740
5,200,460,267,193,477,282,195,452,138,314,626,36,590,1001,720,281
5,53,53,35,18,53,35,18,0,0,0,10,5,5,10,6,4
5,50,2,1,1,2,1,1,1,1,0,2,2,0,0,0,0
5,133,4,1,3,6,2,4,2,1,1,4,1,3,24,15,9
5,8,0,0,0,2,1,1,5,2,3,6,3,3,0,0,0
5,24,3,2,1,1,1,0,3,2,1,2,1,1,1,1,0
5,28,744,557,187,743,556,187,281,109,172,295,162,133,1305,670,635
5,42,24,13,11,24,14,10,10,4,6,11,4,7,22,13,9
5,46,1,1,0,1,0,1,2,0,2,5,3,2,4,3,1
5,63,2,1,1,2,1,1,3,1,2,8,3,5,13,5,8
5,160,1,1,0,2,0,2,2,0,2,1,1,0,1,1,0
5,225,3,1,2,3,2,1,8,5,3,9,4,5,10,4,6
5,37,568,271,297,612,292,320,114,77,37,190,156,34,315,166,149
5,220,990,390,600,1123,447,676,2722,1859,863,2810,1319,1491,2786,1350,1436
5,11,60,27,33,40,16,24,40,10,30,80,50,30,50,25,25
5,68,0,0,0,0,0,0,0,0,0,3,2,1,0,0,0
6,31,6,3,3,5,3,2,9,6,3,7,5,2,3,1,2
6,170,18,7,11,16,1,15,118,59,59,120,61,59,1,0,1
6,101,1,1,0,1,0,1,0,0,0,1,1,0,0,0,0
6,114,2,2,0,3,2,1,5,3,2,4,3,1,0,0,0
6,218,282,126,156,289,129,160,97,40,57,49,15,34,63,27,36
6,83,5,3,2,6,3,3,3,2,1,3,2,1,0,0,0
6,74,1,1,0,0,0,0,114,34,80,114,34,80,1,1,0
6,145,2,1,1,5,1,4,13,5,8,4,3,1,2,1,1
6,7,8,4,4,7,3,4,3,2,1,2,1,1,2,1,1
6,25,183,96,87,183,96,87,35,19,16,544,279,265,3,3,0
6,61,2,1,1,2,1,1,2,2,0,3,3,0,3,2,1
6,62,16,8,8,15,7,8,69,39,30,69,38,31,2,1,1
6,174,5,3,2,8,3,5,4,2,2,2,0,2,2,1,1
6,186,0,0,0,0,0,0,183,100,83,184,100,84,16,9,7
6,221,7,4,3,3,2,1,66,31,35,65,31,34,0,0,0
6,42,4,2,2,3,1,2,3,1,2,3,0,3,6,2,4
6,46,1,1,0,1,0,1,2,1,1,4,3,1,3,2,1
6,37,15,7,8,18,9,9,36,25,11,30,23,7,9,3,6
6,54,0,0,0,0,0,0,0,0,0,39,10,29,3,1,2
7,64,1,1,0,0,0,0,2,1,1,1,0,1,3,0,3
7,142,31,10,21,46,17,29,129,53,76,18,6,12,40,15,25
7,16,7384,6383,1001,7384,6384,1000,2824,2476,348,2824,2477,347,1176,1049,127
7,31,1,1,0,1,1,0,1,0,1,1,1,0,0,0,0
7,56,1,1,0,1,1,0,1,1,0,2,2,0,0,0,0
7,59,0,0,0,0,0,0,2,0,2,1,0,1,2,1,1
7,73,1,0,1,0,0,0,0,0,0,0,0,0,0,0,0
7,101,1,1,0,1,0,1,0,0,0,1,1,0,0,0,0
7,114,0,0,0,0,0,0,0,0,0,0,0,0,0,0,0
7,218,1593,684,909,1629,697,932,247,118,129,41,30,11,437,167,270
7,83,3,2,1,1,1,0,8,3,5,8,4,4,1,1,0
7,104,5,0,5,5,0,5,6,4,2,6,5,1,0,0,0
7,12,1,0,1,0,0,0,1,0,1,0,0,0,1,0,1
7,74,1,0,1,0,0,0,83,35,48,47,26,21,5,1,4
7,145,5,2,3,7,2,5,7,1,6,5,3,2,5,4,1
7,200,29,14,15,31,15,16,7,3,4,10,0,10,16,12,4
7,14,3,3,0,2,1,1,3,2,1,2,1,1,1,0,1
7,17,20,9,11,21,9,12,42,7,35,40,6,34,9,4,5
7,25,348,155,193,349,156,193,66,29,37,1062,473,589,3,2,1
7,29,68,24,44,68,25,43,76,33,43,76,33,43,76,33,43
7,54,0,0,0,0,0,0,0,0,0,50,12,38,4,1,3
7,61,59,31,28,47,27,20,67,34,33,36,7,29,63,30,33
7,62,30,12,18,29,11,18,77,33,44,78,34,44,9,5,4
7,85,6,3,3,7,3,4,1,1,0,2,1,1,0,0,0
7,105,23,11,12,22,10,12,4,1,3,5,2,3,3,1,2
7,138,34,16,18,34,17,17,3,2,1,3,1,2,6,3,3
7,173,56,28,28,88,44,44,44,22,22,30,16,14,11,6,5
7,174,16,8,8,25,13,12,15,8,7,7,4,3,6,3,3
7,176,2,0,2,2,2,0,1,1,0,1,1,0,1,0,1
7,186,0,0,0,0,0,0,256,116,140,257,116,141,21,9,12
7,221,212,95,117,222,99,123,124,42,82,123,43,80,2,0,2
7,148,7,4,3,37,18,19,39,18,21,7,4,3,8,4,4
7,24,5,4,1,5,4,1,0,0,0,0,0,0,0,0,0
7,42,0,0,0,1,0,1,2,0,2,2,0,2,5,1,4
7,46,1,0,1,1,0,1,2,1,1,4,1,3,3,1,2
7,91,3,1,2,2,1,1,3,1,2,3,2,1,3,1,2
7,37,182,84,98,231,107,124,28,17,11,110,53,57,282,135,147
7,220,2847,1324,1523,3455,1620,1835,3488,1628,1860,3757,1460,2297,2989,1279,1710
7,11,6,3,3,5,3,2,10,0,10,20,10,10,11,10,1
7,68,0,0,0,0,0,0,0,0,0,1,1,0,0,0,0
8,64,79,48,31,60,37,23,35,26,9,17,7,10,44,12,32
8,142,4,1,3,3,1,2,15,6,9,2,0,2,5,2,3
8,191,105,92,13,280,167,113,193,81,112,701,329,372,543,261,282
8,34,3,1,2,2,1,1,3,1,2,3,1,2,0,0,0
8,130,6,5,1,8,5,3,2,1,1,2,1,1,2,1,1
8,106,293,62,231,122,3,119,72,53,19,181,64,117,503,236,267
8,161,270,163,107,355,212,143,265,158,107,246,150,96,2,1,1
8,55,9,5,4,8,4,4,18,10,8,33,18,15,4,3,1
8,103,3977,1688,2289,2325,1071,1254,2949,1383,1566,3371,1546,1825,1195,462,733
8,211,48,24,24,49,24,25,3,0,3,4,1,3,2,0,2
8,18,18,1,17,17,1,16,4,1,3,4,1,3,5,1,4
8,31,23,10,13,23,11,12,32,16,16,28,13,15,6,3,3
8,56,38,20,18,38,20,18,19,6,13,30,9,21,77,42,35
8,95,101,54,47,100,54,46,52,30,22,52,30,22,69,51,18
8,162,37,21,16,31,18,13,46,36,10,54,39,15,10,5,5
8,170,36,13,23,37,4,33,144,72,72,152,78,74,5,2,3
8,187,12,5,7,22,9,13,7,3,4,7,4,3,15,7,8
8,59,66,24,42,66,25,41,78,45,33,77,45,32,104,62,42
8,73,13,10,3,12,9,3,86,52,34,86,52,34,158,86,72
8,96,4,2,2,4,3,1,7,4,3,7,4,3,9,7,2
8,101,112,51,61,207,102,105,22,11,11,62,43,19,7,1,6
8,114,5,2,3,6,2,4,3,2,1,3,2,1,4,2,2
8,120,10,5,5,21,11,10,2,0,2,7,7,0,10,6,4
8,153,46,22,24,42,19,23,94,37,57,184,105,79,275,169,106
8,199,357,171,186,165,74,91,277,162,115,156,105,51,316,189,127
8,218,2775,1120,1655,2839,1142,1697,1440,671,769,2093,997,1096,1245,466,779
8,4,32,16,16,33,18,15,343,181,162,325,171,154,179,107,72
8,52,23,13,10,9,7,2,14,5,9,14,5,9,1,0,1
8,83,63,38,25,76,39,37,15,2,13,14,2,12,30,22,8
8,104,5550,1294,4256,5550,1294,4256,26463,13283,13180,26462,13282,13180,1389,688,701
8,127,2,1,1,1,1,0,4,2,2,4,0,4,2,2,0
8,163,351,161,190,378,173,205,165,88,77,32,3,29,113,26,87
8,178,6,3,3,7,3,4,7,3,4,5,3,2,4,2,2
8,182,33,11,22,14,4,10,0,0,0,1,1,0,2,1,1
8,188,37,14,23,39,14,25,140,83,57,141,67,74,12,0,12
8,193,7887,4323,3564,28529,14834,13695,164675,86514,78161,38541,19989,18552,31777,18946,12831
8,12,108,62,46,107,62,45,124,50,74,124,51,73,221,114,107
8,19,1,1,0,9,4,5,135,70,65,69,24,45,80,45,35
8,74,328,52,276,328,52,276,1032,607,425,603,230,373,978,390,588
8,80,465,174,291,464,174,290,6594,3196,3398,6593,3196,3397,618,285,333
8,119,0,0,0,0,0,0,9,4,5,10,4,6,7,2,5
8,121,2,0,2,1,1,0,5,1,4,4,2,2,13,8,5
8,145,171,63,108,235,89,146,696,271,425,128,69,59,326,164,162
8,200,740,474,266,760,492,268,701,211,490,902,35,867,1321,929,392
8,14,2,1,1,1,0,1,47,32,15,46,32,14,9,6,3
8,25,14,5,9,15,6,9,2,1,1,42,14,28,0,0,0
8,38,5,2,3,5,1,4,1,0,1,1,1,0,1,0,1
8,53,90,52,38,91,53,38,1,0,1,17,7,10,17,8,9
8,62,293,141,152,292,141,151,1098,625,473,1114,634,480,56,31,25
8,92,82,50,32,82,51,31,113,68,45,113,69,44,108,65,43
8,164,11,7,4,14,7,7,143,66,77,33,22,11,189,91,98
8,50,177,82,95,256,116,140,386,193,193,712,345,367,58,24,34
8,65,44,23,21,45,23,22,21,15,6,20,14,6,9,6,3
8,88,41,37,4,40,36,4,66,51,15,66,51,15,72,47,25
8,94,5,3,2,4,3,1,3,1,2,3,0,3,4,3,1
8,133,1026,520,506,1259,650,609,3203,1775,1428,4343,2373,1970,4557,2389,2168
8,148,38,22,16,41,18,23,47,20,27,16,9,7,19,11,8
8,157,87,48,39,129,68,61,653,362,291,723,410,313,378,205,173
8,24,3218,1750,1468,2954,1609,1345,4323,2359,1964,4253,2327,1926,6020,3072,2948
8,28,802,213,589,801,212,589,813,705,108,509,457,52,5884,3423,2461
8,42,6537,3297,3240,6537,3298,3239,11233,5799,5434,11232,5798,5434,4628,1224,3404
8,46,112,75,37,111,75,36,28,4,24,424,271,153,213,135,78
8,63,285,176,109,285,176,109,404,261,143,1069,599,470,1687,973,714
8,71,11,10,1,3,3,0,16,8,8,31,20,11,2,1,1
8,159,7078,3844,3234,6879,3573,3306,3051,1536,1515,2897,1522,1375,1400,740,660
8,160,1035,553,482,1195,604,591,1406,715,691,815,428,387,851,445,406
8,222,3411,1634,1777,3721,2297,1424,490,320,170,94,74,20,246,167,79
8,225,345,160,185,414,204,210,354,173,181,352,173,179,514,207,307
8,37,1376,639,737,1662,779,883,2225,1089,1136,3181,1573,1608,2246,1083,1163
8,220,14146,6056,8090,18509,8250,10259,23174,11016,12158,24993,9919,15074,6254,2539,3715
8,11,614,342,272,491,320,171,1050,490,560,670,350,320,1653,723,930
8,147,97,39,58,143,61,82,496,240,256,461,223,238,440,211,229
8,68,0,0,0,0,0,0,0,0,0,14,11,3,1,1,0
8,54,0,0,0,0,0,0,0,0,0,20,7,13,1,0,1
9,64,36,12,24,25,8,17,22,13,9,11,1,10,36,4,32
9,118,165,44,121,158,36,122,37,28,9,20,13,7,28,17,11
9,142,5,4,1,9,7,2,18,17,1,3,2,1,6,6,0
9,108,440,339,101,440,339,101,941,619,322,940,618,322,547,382,165
9,112,1384,394,990,1477,437,1040,885,475,410,939,503,436,316,168,148
9,202,36,27,9,18,16,2,20,6,14,21,13,8,4,3,1
9,212,1483,706,777,1967,915,1052,199,2,197,539,148,391,119,31,88
9,223,811,454,357,904,484,420,459,115,344,748,254,494,421,161,260
9,161,44,22,22,66,33,33,8,4,4,4,2,2,2,1,1
9,99,52,30,22,28,27,1,119,71,48,1786,1107,679,25,25,0
9,13,14200,5709,8491,16968,7373,9595,18350,567,17783,14365,3919,10446,7182,1958,5224
9,55,121,58,63,121,59,62,248,126,122,472,250,222,55,35,20
9,79,742,231,511,743,232,511,215,116,99,202,109,93,157,83,74
9,107,5,1,4,3,0,3,14,8,6,13,7,6,31,17,14
9,211,273,100,173,275,99,176,26,2,24,29,3,26,27,8,19
9,18,350,196,154,351,197,154,82,50,32,83,50,33,51,30,21
9,31,28,26,2,29,26,3,158,86,72,102,57,45,86,0,86
9,56,113,72,41,113,72,41,852,443,409,745,411,334,40,35,5
9,95,21,11,10,21,11,10,34,17,17,34,17,17,22,9,13
9,162,171,106,65,146,91,55,635,410,225,684,435,249,78,38,40
9,169,0,0,0,0,0,0,0,0,0,1,1,0,25,11,14
9,170,44015,12587,31428,42961,2696,40265,24460,9656,14804,14101,3868,10233,9870,4407,5463
9,187,20,10,10,37,18,19,12,7,5,12,6,6,26,15,11
9,216,9199,7954,1245,9742,8235,1507,4666,2667,1999,2266,1283,983,157,119,38
9,59,30,17,13,29,16,13,85,23,62,84,23,61,57,25,32
9,68,60,56,4,60,55,5,50,25,25,45,21,24,49,29,20
9,73,10,5,5,9,4,5,28,9,19,28,10,18,42,19,23
9,96,2,1,1,0,0,0,2,1,1,1,0,1,1,0,1
9,101,18,9,9,34,18,16,4,2,2,10,7,3,1,0,1
9,114,240,126,114,239,126,113,63,37,26,88,58,30,149,96,53
9,120,55,39,16,189,131,58,48,31,17,51,50,1,104,74,30
9,153,11,4,7,18,8,10,124,59,65,39,20,19,109,35,74
9,199,50,23,27,24,10,14,455,204,251,876,457,419,848,396,452
9,218,242,107,135,249,110,139,468,208,260,554,252,302,196,77,119
9,83,1710,1233,477,1539,1232,307,2851,1086,1765,2850,1085,1765,623,468,155
9,104,127,48,79,127,48,79,489,183,306,488,182,306,28,14,14
9,127,2,1,1,2,1,1,5,2,3,6,0,6,6,3,3
9,163,18,10,8,20,11,9,23,17,6,12,11,1,8,3,5
9,182,103,23,80,45,8,37,2,2,0,3,1,2,4,1,3
9,193,375,203,172,658,361,297,5901,3363,2538,3030,1385,1645,834,782,52
9,12,215,124,91,215,124,91,249,103,146,249,103,146,442,230,212
9,19,7,3,4,9,4,5,1998,961,1037,3111,1512,1599,5295,2680,2615
9,74,212,35,177,211,35,176,5308,2607,2701,5364,1882,3482,1441,581,860
9,80,2311,941,1370,2310,941,1369,994,261,733,993,260,733,420,194,226
9,145,19,9,10,23,9,14,288,145,143,148,82,66,329,181,148
9,200,41,14,27,44,15,29,80,24,56,92,1,91,110,74,36
9,50,2,2,0,1,1,0,2,1,1,4,2,2,0,0,0
9,133,6,2,4,9,3,6,5,3,2,16,8,8,36,17,19
9,8,29,7,22,29,7,22,309,146,163,310,146,164,2,1,1
9,24,1,0,1,0,0,0,2,1,1,1,1,0,1,1,0
9,42,5,3,2,6,4,2,3,1,2,2,0,2,5,1,4
9,63,2,1,1,1,0,1,3,2,1,7,3,4,11,5,6
9,225,1,0,1,0,0,0,1,1,0,2,0,2,2,1,1
9,37,9,1,8,50,20,30,762,309,453,917,383,534,412,183,229
9,220,10830,5516,5314,12969,6654,6315,1356,835,521,2173,492,1681,16144,7801,8343
9,11,322,160,162,280,140,140,120,60,60,90,10,80,171,60,111
9,28,0,0,0,0,0,0,26,22,4,26,21,5,11,9,2
10,161,24,14,10,34,18,16,4,2,2,3,2,1,1,1,0
10,31,1,1,0,1,1,0,1,0,1,1,1,0,0,0,0
10,59,2,2,0,3,2,1,3,2,1,2,2,0,1,1,0
10,73,0,0,0,1,0,1,0,0,0,0,0,0,3,3,0
10,96,0,0,0,0,0,0,1,1,0,0,0,0,0,0,0
10,101,3,2,1,4,2,2,0,0,0,1,1,0,0,0,0
10,114,0,0,0,0,0,0,1,1,0,0,0,0,0,0,0
10,218,326,131,195,335,134,201,112,41,71,57,14,43,75,30,45
10,83,25,14,11,26,13,13,45,24,21,46,25,21,0,0,0
10,74,2,1,1,0,0,0,57,22,35,57,22,35,1,0,1
10,145,73,34,39,97,46,51,697,357,340,1085,516,569,1485,782,703
10,7,1,0,1,2,1,1,1,1,0,0,0,0,0,0,0
10,25,637,324,313,636,323,313,203,85,118,2642,1092,1550,91,42,49
10,61,5,1,4,4,1,3,6,3,3,8,3,5,7,3,4
10,62,37,15,22,36,15,21,125,54,71,126,55,71,8,5,3
10,174,2,1,1,4,1,3,2,1,1,1,0,1,0,0,0
10,186,0,0,0,0,0,0,617,271,346,617,270,347,52,22,30
10,221,51,24,27,52,24,28,10,3,7,9,3,6,0,0,0
10,50,7,5,2,3,2,1,9,6,3,16,10,6,1,0,1
10,8,0,0,0,0,0,0,0,0,0,0,0,0,0,0,0
10,24,2,0,2,2,0,2,1,0,1,3,1,2,0,0,0
10,42,23,12,11,23,11,12,1,0,1,1,0,1,3,2,1
10,46,7,3,4,8,4,4,13,6,7,32,20,12,20,12,8
10,225,6,2,4,9,4,5,21,9,12,22,9,13,28,9,19
10,37,32,15,17,45,21,24,23,17,6,13,1,12,69,32,37
10,220,153,76,77,298,142,156,726,312,414,782,271,511,621,241,380
10,11,2,2,0,2,2,0,10,0,10,0,0,0,2,1,1
10,54,0,0,0,0,0,0,0,0,0,1572,581,991,136,52,84
11,183,10,1,9,10,1,9,7,5,2,6,4,2,6,4,2
11,230,0,0,0,2,1,1,65,32,33,116,64,52,206,101,105
11,39,4,0,4,5,1,4,4,2,2,0,0,0,2,1,1
11,64,107,58,49,74,41,33,66,47,19,32,10,22,82,13,69
11,118,483,240,243,465,220,245,96,76,20,57,42,15,84,56,28
11,27,9,6,3,3,1,2,111,53,58,112,54,58,111,51,60
11,142,35,10,25,53,19,34,148,60,88,21,7,14,45,16,29
11,191,1054,347,707,162,25,137,587,218,369,2128,913,1215,1652,727,925
11,198,4,3,1,10,4,6,14,8,6,14,7,7,11,8,3
11,81,2,1,1,2,0,2,8,4,4,2,1,1,5,2,3
11,43,674,373,301,674,373,301,430,409,21,429,409,20,685,533,152
11,44,707,387,320,707,388,319,689,217,472,708,228,480,322,67,255
11,57,16,8,8,15,7,8,28,15,13,28,15,13,19,11,8
11,106,2143,911,1232,3070,1308,1762,121,54,67,554,196,358,694,346,348
11,136,2,1,1,1,0,1,87,56,31,98,65,33,19,10,9
11,166,316,170,146,517,297,220,1135,1070,65,1860,1723,137,495,282,213
11,30,110,61,49,110,61,49,11,7,4,11,7,4,11,7,4
11,35,88,55,33,87,55,32,50,30,20,50,29,21,13,8,5
11,98,2018,1139,879,2017,1138,879,3751,2271,1480,4117,2258,1859,751,488,263
11,113,0,0,0,1,1,0,1,0,1,1,0,1,0,0,0
11,124,267,134,133,491,223,268,987,528,459,1486,828,658,228,189,39
11,161,523,276,247,930,508,422,697,394,303,839,451,388,61,38,23
11,185,664,347,317,1011,508,503,1878,954,924,2240,1142,1098,1423,738,685
11,203,398,264,134,604,396,208,193,150,43,92,74,18,114,88,26
11,205,26,3,23,31,5,26,40,29,11,105,50,55,8,3,5
11,226,12,7,5,17,10,7,9,3,6,6,5,1,5,2,3
11,23,3,2,1,2,2,0,4,3,1,4,3,1,2,2,0
11,97,1152,473,679,1152,473,679,62,32,30,62,31,31,25,13,12
11,125,6,1,5,5,5,0,8,7,1,22,18,4,24,20,4
11,194,49,37,12,50,27,23,103,30,73,212,103,109,8,6,2
11,55,307,136,171,307,136,171,628,294,334,1197,593,604,139,84,55
11,103,333,154,179,196,105,91,251,144,107,285,157,128,99,39,60
11,107,58,32,26,57,32,25,135,93,42,125,83,42,299,197,102
11,211,93,88,5,91,86,5,83,2,81,85,0,85,83,20,63
11,18,4,0,4,3,0,3,1,1,0,1,1,0,2,2,0
11,31,27,14,13,26,14,12,37,21,16,33,18,15,62,32,30
11,56,29,18,11,28,17,11,156,97,59,134,88,46,125,79,46
11,95,95,54,41,95,54,41,151,80,71,151,80,71,39,24,15
11,162,126,72,54,106,60,46,143,103,40,168,113,55,34,15,19
11,170,54,18,36,52,4,48,77,48,29,89,56,33,10,5,5
11,187,67,35,32,91,47,44,22,13,9,24,14,10,48,29,19
11,59,329,193,136,328,193,135,477,260,217,476,259,217,427,190,237
11,73,50,39,11,50,39,11,227,147,80,226,146,80,353,213,140
11,96,1,1,0,2,1,1,14,8,6,13,7,6,27,18,9
11,101,1350,635,715,2385,1207,1178,1579,867,712,616,12,604,139,20,119
11,102,17,8,9,17,8,9,101,42,59,98,41,57,15,8,7
11,114,24,14,10,24,14,10,38,28,10,35,24,11,27,17,10
11,120,3,1,2,6,3,3,14,14,0,11,10,1,6,5,1
11,153,81,42,39,119,109,10,237,172,65,580,381,199,382,276,106
11,199,328,192,136,152,85,67,417,291,126,712,523,189,575,381,194
11,218,15197,6824,8373,16672,7363,9309,3883,2584,1299,12690,7171,5519,14918,6008,8910
11,4,3,1,2,2,1,1,18,10,8,11,6,5,57,24,33
11,52,70,40,30,39,14,25,416,216,200,416,216,200,10,2,8
11,83,1283,567,716,1639,582,1057,200,15,185,200,15,185,871,657,214
11,104,1416,420,996,1417,420,997,7311,3559,3752,7310,3558,3752,395,196,199
11,127,587,308,279,186,40,146,112,90,22,77,66,11,1114,684,430
11,163,403,183,220,434,198,236,39,22,17,163,70,93,103,21,82
11,182,443,243,200,190,98,92,9,9,0,15,8,7,16,9,7
11,188,10,2,8,8,2,6,98,47,51,112,61,51,65,20,45
11,193,369,208,161,1544,813,731,359,201,158,963,491,472,397,204,193
11,12,176,101,75,176,101,75,203,82,121,203,83,120,361,185,176
11,19,135,63,72,120,56,64,54,13,41,47,14,33,172,92,80
11,74,127,18,109,127,19,108,1221,673,548,2312,984,1328,631,267,364
11,80,631,181,450,631,182,449,2981,1709,1272,2981,1710,1271,463,238,225
11,121,4,1,3,3,2,1,9,2,7,8,3,5,27,14,13
11,145,515,183,332,809,316,493,936,525,411,92,57,35,345,195,150
11,200,526,397,129,540,409,131,1248,461,787,1352,268,1084,1173,828,345
11,7,0,0,0,1,0,1,1,1,0,0,0,0,0,0,0
11,14,19,9,10,19,10,9,6,3,3,6,3,3,6,3,3
11,17,2,1,1,3,2,1,4,2,2,2,2,0,1,1,0
11,29,2,0,2,2,0,2,3,1,2,2,0,2,2,0,2
11,38,27,16,11,27,15,12,47,26,21,48,26,22,3,2,1
11,61,1,0,1,1,0,1,0,0,0,1,1,0,1,0,1
11,62,8,5,3,7,4,3,22,15,7,22,15,7,2,1,1
11,174,2,1,1,4,1,3,2,1,1,1,0,1,0,0,0
11,50,23,8,15,3,2,1,18,9,9,33,17,16,3,1,2
11,65,6,3,3,6,2,4,3,1,2,2,1,1,1,0,1
11,88,7,3,4,6,2,4,9,7,2,8,6,2,9,6,3
11,133,140,77,63,152,81,71,39,14,25,37,37,0,158,108,50
11,157,36,20,16,31,19,12,91,66,25,98,71,27,42,29,13
11,8,47,11,36,49,12,37,150,73,77,151,74,77,1,0,1
11,24,41,20,21,39,18,21,21,18,3,21,19,2,32,18,14
11,28,75,4,71,75,5,70,152,112,40,151,108,43,119,90,29
11,42,151,77,74,150,77,73,184,46,138,185,46,139,391,175,216
11,46,5,2,3,6,3,3,9,3,6,23,13,10,15,8,7
11,63,15,8,7,15,9,6,28,18,10,74,39,35,116,63,53
11,71,2,1,1,1,0,1,4,3,1,24,14,10,4,2,2
11,160,53,32,21,63,36,27,74,42,32,42,25,17,44,26,18
11,225,2,1,1,2,1,1,6,3,3,7,4,3,8,3,5
11,22,7,4,3,6,3,3,9,6,3,9,7,2,1,1,0
11,37,2481,1166,1315,2858,1351,1507,2324,1428,896,3588,2085,1503,2897,1467,1430
11,220,8315,3074,5241,10383,3888,6495,4613,1813,2800,5418,1112,4306,6849,2183,4666
11,147,5449,2600,2849,1829,1673,156,5257,2515,2742,3085,1447,1638,2075,941,1134
11,72,99,54,45,84,40,44,217,120,97,126,79,47,55,39,16
11,146,36,14,22,36,14,22,19,10,9,20,10,10,17,8,9
11,158,772,557,215,3583,1794,1789,374,187,187,1619,973,646,135,131,4
11,189,4,2,2,16,9,7,31,18,13,11,8,3,19,10,9
11,224,57,27,30,21,8,13,99,48,51,63,30,33,17,8,9
11,110,11,2,9,11,2,9,3,0,3,4,1,3,8,5,3
11,143,16,9,7,15,9,6,10,6,4,10,6,4,3,2,1
11,49,5,3,2,4,3,1,106,48,58,106,48,58,34,16,18
11,76,6,3,3,5,1,4,3,2,1,3,1,2,4,2,2
11,151,6,2,4,5,1,4,3,3,0,2,1,1,0,0,0
11,177,94,53,41,92,51,41,26,17,9,50,30,20,13,8,5
11,207,1,0,1,17,16,1,3,2,1,13,11,2,6,4,2
11,68,0,0,0,0,0,0,0,0,0,63,44,19,4,3,1
11,137,0,0,0,0,0,0,0,0,0,122,39,83,15,6,9
12,39,7,5,2,5,3,2,8,5,3,0,0,0,3,2,1
12,64,159,81,78,115,61,54,84,54,30,42,8,34,112,3,109
12,118,756,366,390,734,339,395,116,86,30,57,33,24,85,42,43
12,142,40,19,21,60,31,29,168,92,76,24,12,12,51,26,25
12,191,1003,258,745,382,47,335,439,229,210,1593,899,694,1237,709,528
12,202,19,9,10,10,4,6,3,1,2,2,1,1,2,2,0
12,106,81,30,51,86,33,53,61,25,36,32,11,21,67,32,35
12,136,2,1,1,1,0,1,4,4,0,5,3,2,2,2,0
12,161,676,375,301,889,488,401,606,335,271,556,316,240,8,5,3
12,125,14,9,5,15,7,8,4,1,3,4,3,1,1,1,0
12,55,37,14,23,36,13,23,75,30,45,142,60,82,16,9,7
12,103,134,18,116,265,150,115,681,344,337,615,321,294,154,55,99
12,107,32,23,9,31,23,8,63,47,16,58,41,17,139,99,40
12,211,3169,1600,1569,3206,1609,1597,407,47,360,419,39,380,352,69,283
12,18,11,1,10,12,2,10,2,1,1,3,1,2,3,2,1
12,31,36,21,15,36,22,14,51,32,19,45,29,16,325,199,126
12,56,906,451,455,906,451,455,826,123,703,888,29,859,428,357,71
12,95,465,312,153,466,312,154,1299,748,551,1299,748,551,923,557,366
12,162,885,478,407,757,404,353,339,144,195,208,95,113,140,43,97
12,169,91,1,90,124,40,84,119,51,68,89,69,20,520,257,263
12,170,129,90,39,51,20,31,464,274,190,533,307,226,56,19,37
12,187,752,439,313,1037,590,447,252,157,95,282,173,109,550,348,202
12,59,125,88,37,125,89,36,127,64,63,127,65,62,133,38,95
12,73,5,3,2,4,3,1,137,70,67,137,71,66,195,88,107
12,96,10,5,5,10,5,5,37,13,24,37,13,24,24,3,21
12,101,126,59,67,222,112,110,237,75,162,163,15,148,17,0,17
12,114,27,15,12,27,14,13,20,11,9,18,9,9,23,13,10
12,120,5,1,4,12,5,7,13,10,3,6,4,2,9,6,3
12,153,61,46,15,122,82,40,25,5,20,234,120,114,281,163,118
12,199,883,480,403,407,211,196,155,90,65,93,65,28,107,59,48
12,218,1007,79,928,798,138,660,1033,259,774,979,865,114,2383,655,1728
12,26,18,8,10,19,8,11,85,38,47,23,14,9,22,11,11
12,52,175,89,86,57,39,18,1827,985,842,1827,985,842,33,10,23
12,83,669,319,350,622,335,287,35,14,21,35,15,20,109,79,30
12,104,2969,429,2540,2969,429,2540,3115,1409,1706,3114,1409,1705,405,201,204
12,127,4,2,2,33,14,19,34,14,20,14,13,1,26,16,10
12,163,132,62,70,143,67,76,66,36,30,9,1,8,43,11,32
12,182,4601,2302,2299,1964,909,1055,100,91,9,165,84,81,162,88,74
12,188,897,330,567,891,345,546,2190,1065,1125,1075,515,560,2886,1245,1641
12,193,953,474,479,2336,1157,1179,784,388,396,2382,1048,1334,144,7,137
12,19,488,218,270,444,199,245,359,155,204,239,98,141,480,224,256
12,74,387,5,382,385,4,381,1854,796,1058,1873,1215,658,949,264,685
12,80,9067,6499,2568,9067,6499,2568,33757,10423,23334,33757,10424,23333,8582,4006,4576
12,119,313,107,206,274,73,201,501,179,322,506,174,332,253,141,112
12,121,25,3,22,20,1,19,79,34,45,86,36,50,336,151,185
12,145,201,149,52,155,57,98,286,29,257,66,41,25,141,87,54
12,200,3755,850,2905,3882,998,2884,4959,915,4044,8728,1404,7324,9702,6311,3391
12,14,3,3,0,6,5,1,8,4,4,7,3,4,3,1,2
12,38,18,14,4,19,14,5,3,2,1,3,2,1,1,0,1
12,62,107,85,22,107,86,21,489,426,63,493,429,64,11,7,4
12,92,30,25,5,30,26,4,42,36,6,41,35,6,39,33,6
12,50,9,4,5,27,20,7,34,24,10,63,45,18,5,3,2
12,65,4,2,2,4,1,3,1,1,0,0,0,0,0,0,0
12,133,140,75,65,166,90,76,151,77,74,83,42,41,4,3,1
12,148,11,7,4,5,3,2,4,3,1,2,2,0,2,1,1
12,157,4,3,1,8,4,4,17,7,10,22,10,12,16,9,7
12,8,1055,423,632,1055,422,633,563,231,332,564,231,333,3,1,2
12,24,11,6,5,13,8,5,14,5,9,15,5,10,22,10,12
12,28,768,348,420,768,347,421,431,206,225,471,226,245,473,213,260
12,42,35,9,26,36,10,26,99,21,78,99,21,78,211,88,123
12,46,34,16,18,34,16,18,25,11,14,8,7,1,14,9,5
12,63,23,13,10,22,13,9,41,26,15,108,58,50,170,94,76
12,160,17,10,7,21,11,10,25,14,11,14,8,6,14,8,6
12,225,112,54,58,106,53,53,0,0,0,2,1,1,26,7,19
12,22,7,4,3,7,4,3,2,1,1,2,2,0,0,0,0
12,37,2000,1024,976,1439,749,690,3064,1347,1717,1917,759,1158,2020,1003,1017
12,220,13528,4602,8926,10497,3357,7140,5557,1871,3686,4844,2376,2468,3543,1370,2173
12,11,200,6,194,1505,955,550,620,400,220,870,490,380,296,16,280
12,147,152,65,87,363,146,217,109,51,58,41,19,22,20,8,12
12,68,0,0,0,0,0,0,0,0,0,70,33,37,5,2,3
12,137,0,0,0,0,0,0,0,0,0,245,75,170,12,5,7
13,64,1,0,1,1,1,0,5,5,0,2,2,0,6,6,0
13,108,366,247,119,365,247,118,4976,3149,1827,4975,3149,1826,2894,1957,937
13,112,2753,877,1876,2934,962,1972,1681,898,783,1788,953,835,621,327,294
13,202,48,33,15,29,25,4,25,9,16,24,14,10,2,2,0
13,212,1154,551,603,2142,981,1161,224,6,218,587,156,431,132,35,97
13,223,274,260,14,243,221,22,594,177,417,1144,278,866,1003,355,648
13,99,81,47,34,41,40,1,187,111,76,11004,6761,4243,121,121,0
13,9,96062,40446,55616,35333,14392,20941,149014,65893,83121,234018,97072,136946,54481,22272,32209
13,55,4,1,3,3,1,2,8,3,5,14,6,8,1,0,1
13,79,1478,511,967,1479,511,968,391,211,180,363,196,167,309,161,148
13,103,575,171,404,281,146,135,1021,467,554,851,402,449,411,158,253
13,211,5770,2941,2829,5806,2950,2856,476,71,405,491,64,427,387,68,319
13,18,825,443,382,826,443,383,194,113,81,195,114,81,118,65,53
13,31,458,206,252,457,205,252,603,291,312,538,259,279,96,71,25
13,56,23,13,10,23,14,9,315,172,143,281,161,120,412,251,161
13,95,15,8,7,16,9,7,24,11,13,24,12,12,8,7,1
13,162,52,26,26,44,23,21,29,16,13,25,19,6,11,4,7
13,167,1219,536,683,823,362,461,521,6,515,571,342,229,102,69,33
13,170,75200,22038,53162,73423,4727,68696,36101,29246,6855,52683,38444,14239,14364,6284,8080
13,187,7,1,6,12,4,8,3,1,2,3,1,2,7,3,4
13,216,11068,8418,2650,11059,8946,2113,8116,4456,3660,3942,2142,1800,274,203,71
13,59,6,2,4,5,1,4,92,47,45,91,47,44,31,8,23
13,68,387,252,135,387,251,136,88,46,42,75,36,39,114,67,47
13,73,4,1,3,4,2,2,40,16,24,39,15,24,61,26,35
13,96,1,0,1,0,0,0,2,0,2,2,1,1,6,3,3
13,101,17,8,9,32,18,14,4,2,2,10,8,2,1,0,1
13,114,855,433,422,855,433,422,303,194,109,373,252,121,393,240,153
13,120,482,330,152,371,256,115,69,63,6,240,199,41,158,108,50
13,153,3,0,3,60,25,35,125,56,69,180,75,105,143,68,75
13,199,28,7,21,13,3,10,524,241,283,1394,701,693,775,397,378
13,218,230,106,124,237,108,129,1054,483,571,1185,552,633,343,138,205
13,83,106,30,76,110,29,81,66,25,41,65,24,41,23,17,6
13,104,46,18,28,46,19,27,306,89,217,305,89,216,18,9,9
13,163,3,2,1,5,2,3,27,17,10,21,13,8,5,1,4
13,193,19,9,10,601,300,301,340,171,169,184,85,99,117,45,72
13,12,76,45,31,76,45,31,88,37,51,87,37,50,157,84,73
13,19,7,3,4,9,4,5,365,163,202,274,136,138,538,332,206
13,74,13,3,10,13,4,9,2134,979,1155,1241,646,595,311,143,168
13,80,6021,3042,2979,6021,3042,2979,2950,1322,1628,2949,1322,1627,639,312,327
13,145,18,6,12,23,8,15,458,239,219,55,31,24,134,85,49
13,200,106,53,53,108,54,54,75,27,48,84,10,74,86,59,27
13,50,0,0,0,0,0,0,1,1,0,2,2,0,0,0,0
13,24,1,0,1,1,1,0,0,0,0,1,1,0,0,0,0
13,42,2,1,1,1,0,1,0,0,0,0,0,0,3,2,1
13,37,6,1,5,29,12,17,886,456,430,1003,517,486,348,174,174
13,220,2356,1200,1156,2823,1449,1374,1106,587,519,1294,504,790,3194,1540,1654
13,11,29,10,19,22,6,16,150,70,80,180,90,90,58,1,57
14,64,2,1,1,0,0,0,2,1,1,1,0,1,5,1,4
14,142,4,1,3,3,1,2,15,4,11,2,0,2,5,1,4
14,55,0,0,0,0,0,0,0,0,0,0,0,0,0,0,0
14,31,1,0,1,2,1,1,1,0,1,1,0,1,0,0,0
14,95,2,1,1,2,1,1,1,1,0,1,1,0,1,1,0
14,59,2,0,2,2,1,1,3,2,1,2,2,0,4,2,2
14,73,1,0,1,1,1,0,3,2,1,2,1,1,2,2,0
14,96,0,0,0,0,0,0,2,1,1,1,1,0,4,2,2
14,101,9,4,5,17,9,8,2,1,1,5,3,2,1,1,0
14,153,1,0,1,1,0,1,1,0,1,6,4,2,6,3,3
14,199,2,2,0,2,1,1,10,6,4,1,1,0,2,2,0
14,218,734,331,403,751,337,414,16,16,0,125,59,66,227,91,136
14,83,4,2,2,4,2,2,1,1,0,3,2,1,0,0,0
14,104,11,3,8,10,3,7,33,13,20,33,14,19,2,1,1
14,193,4,2,2,107,60,47,60,34,26,5,4,1,5,1,4
14,12,2,1,1,1,1,0,2,1,1,1,0,1,3,2,1
14,19,0,0,0,1,1,0,3,2,1,2,1,1,2,1,1
14,74,3,1,2,2,0,2,27,11,16,0,0,0,3,1,2
14,145,10,6,4,14,7,7,6,2,4,4,2,2,8,5,3
14,200,6,5,1,5,4,1,12,5,7,15,3,12,19,14,5
14,7,1,0,1,2,1,1,0,0,0,0,0,0,0,0,0
14,17,4,2,2,5,2,3,9,4,5,8,5,3,2,1,1
14,25,47,22,25,48,22,26,9,5,4,129,65,64,2,1,1
14,29,2,0,2,2,0,2,3,1,2,2,0,2,3,1,2
14,38,66,34,32,66,34,32,10,4,6,10,5,5,3,2,1
14,61,1,0,1,1,0,1,1,1,0,2,1,1,2,1,1
14,62,10,3,7,10,3,7,37,9,28,37,8,29,2,1,1
14,85,5,3,2,5,2,3,1,1,0,2,1,1,0,0,0
14,105,98,47,51,97,46,51,18,7,11,18,6,12,15,8,7
14,173,3,2,1,3,2,1,8,5,3,2,2,0,3,2,1
14,174,1,1,0,3,2,1,2,2,0,1,0,1,0,0,0
14,213,191,93,98,190,93,97,204,111,93,204,112,92,39,21,18
14,50,2,1,1,1,1,0,3,2,1,6,4,2,0,0,0
14,148,4,2,2,26,13,13,28,13,15,5,3,2,6,4,2
14,24,4,3,1,5,4,1,0,0,0,0,0,0,0,0,0
14,42,0,0,0,0,0,0,0,0,0,0,0,0,1,1,0
14,63,2,1,1,2,1,1,4,3,1,9,5,4,15,9,6
14,91,2,1,1,2,1,1,3,1,2,2,1,1,2,1,1
14,37,92,42,50,120,56,64,283,177,106,377,228,149,227,119,108
14,220,2723,1221,1502,3720,1679,2041,183,156,27,658,64,594,4828,1929,2899
14,11,52,17,35,40,11,29,30,20,10,0,0,0,58,57,1
14,28,0,0,0,0,0,0,7,2,5,8,3,5,3,1,2
14,54,0,0,0,0,0,0,0,0,0,75,37,38,6,3,3
15,64,57,13,44,31,1,30,56,38,18,28,7,21,70,4,66
15,118,243,23,220,262,40,222,112,92,20,75,59,16,109,80,29
15,142,4,1,3,3,1,2,14,4,10,2,0,2,5,1,4
15,191,61,42,19,33,32,1,13,1,12,49,6,43,46,7,39
15,161,3669,1828,1841,4693,2309,2384,4231,2077,2154,4040,2019,2021,1,0,1
15,16,10286,8882,1404,10286,8883,1403,3931,3446,485,3931,3446,485,1637,1459,178
15,194,46,38,8,47,28,19,97,32,65,199,106,93,7,5,2
15,55,11,5,6,11,6,5,23,12,11,43,23,20,5,3,2
15,107,187,125,62,185,125,60,230,176,54,213,158,55,509,375,134
15,111,42,29,13,132,49,83,174,80,94,310,130,180,450,50,400
15,115,85,52,33,84,52,32,51,26,25,51,25,26,35,28,7
15,154,188,89,99,106,66,40,34,12,22,27,27,0,498,287,211
15,165,37,22,15,25,18,7,159,88,71,384,277,107,105,86,19
15,195,190,113,77,190,114,76,334,139,195,335,140,195,85,51,34
15,217,267,111,156,297,117,180,50,43,7,848,429,419,1679,758,921
15,31,2,1,1,1,0,1,2,1,1,2,1,1,8,3,5
15,56,3,3,0,3,3,0,3,2,1,1,1,0,3,3,0
15,95,1,1,0,2,2,0,2,1,1,2,2,0,1,1,0
15,59,14,6,8,14,6,8,7,3,4,7,3,4,11,10,1
15,73,1,0,1,0,0,0,7,6,1,6,5,1,7,7,0
15,96,1,1,0,0,0,0,0,0,0,0,0,0,0,0,0
15,101,28,13,15,52,26,26,6,3,3,16,12,4,2,1,1
15,114,0,0,0,0,0,0,0,0,0,0,0,0,0,0,0
15,153,6,3,3,6,4,2,3,1,2,4,1,3,6,3,3
15,199,8,5,3,4,2,2,2,1,1,16,9,7,18,9,9
15,218,1712,831,881,1752,848,904,574,309,265,952,523,429,688,315,373
15,83,10,5,5,11,5,6,3,1,2,3,1,2,1,1,0
15,104,2,0,2,1,0,1,24,12,12,23,11,12,0,0,0
15,193,3,2,1,66,44,22,37,25,12,8,5,3,13,6,7
15,12,1,0,1,1,1,0,2,1,1,2,1,1,3,2,1
15,19,0,0,0,1,1,0,1,1,0,2,1,1,3,2,1
15,74,2,0,2,1,0,1,85,45,40,16,5,11,12,5,7
15,145,22,10,12,27,11,16,14,5,9,8,0,8,17,11,6
15,200,72,39,33,74,39,35,16,6,10,24,1,23,45,33,12
15,62,3,2,1,2,2,0,3,3,0,3,2,1,1,1,0
15,50,0,0,0,0,0,0,0,0,0,0,0,0,0,0,0
15,8,1,1,0,1,1,0,7,5,2,7,4,3,0,0,0
15,24,1,1,0,0,0,0,0,0,0,1,1,0,0,0,0
15,42,0,0,0,1,1,0,0,0,0,2,1,1,3,3,0
15,37,505,242,263,525,253,272,354,230,124,456,286,170,251,135,116
15,11,157,90,67,120,72,48,300,170,130,270,160,110,316,165,151
15,28,0,0,0,0,0,0,13,13,0,13,13,0,5,5,0
15,68,0,0,0,0,0,0,0,0,0,1,0,1,0,0,0
16,131,79,34,45,163,47,116,3359,1088,2271,3563,1273,2290,1092,640,452
16,183,5,4,1,5,4,1,90,72,18,90,71,19,98,61,37
16,215,1,1,0,102,17,85,1,0,1,1,1,0,1,0,1
16,64,33,32,1,43,43,0,35,32,3,18,15,3,44,34,10
16,118,309,302,7,318,312,6,106,100,6,96,92,4,141,134,7
16,142,3,2,1,1,1,0,10,6,4,2,1,1,3,1,2
16,191,929,627,302,491,321,170,206,154,52,852,610,242,801,602,199
16,43,518,265,253,519,265,254,344,321,23,343,321,22,526,360,166
16,44,35,22,13,34,22,12,34,15,19,35,16,19,11,1,10
16,57,12,6,6,11,6,5,21,11,10,20,10,10,14,6,8
16,106,2893,1327,1566,2174,914,1260,2420,1055,1365,578,205,373,1306,620,686
16,166,3445,3424,21,4752,4724,28,1858,1701,157,1353,1099,254,5069,4718,351
16,30,249,225,24,248,224,24,26,24,2,26,24,2,26,24,2
16,124,9523,360,9163,13036,2623,10413,135642,75183,60459,160869,91532,69337,15432,12976,2456
16,141,187,78,109,198,193,5,205,154,51,89,63,26,41,29,12
16,161,291,129,162,393,174,219,310,139,171,288,134,154,2,0,2
16,185,9769,6407,3362,11568,7478,4090,17836,8311,9525,20511,9847,10664,12245,6270,5975
16,203,486,276,210,738,413,325,382,229,153,268,150,118,277,156,121
16,205,9,2,7,10,2,8,10,9,1,23,10,13,2,1,1
16,226,298,140,158,721,364,357,2885,1680,1205,2411,1197,1214,1355,710,645
16,23,4,3,1,5,4,1,8,5,3,8,5,3,3,2,1
16,97,248020,144278,103742,248021,144279,103742,295038,158796,136242,295039,158797,136242,118015,63518,54497
16,125,1951,896,1055,1712,1126,586,14877,9533,5344,19611,13488,6123,13791,11721,2070
16,144,77,66,11,185,65,120,70,52,18,211,1,210,10,5,5
16,194,78,70,8,79,61,18,162,104,58,332,248,84,7,6,1
16,15,4188,2607,1581,4259,2621,1638,21011,18865,2146,32020,28260,3760,3524,3204,320
16,55,67,65,2,67,66,1,137,134,3,261,256,5,31,30,1
16,107,3729,2678,1051,3725,2685,1040,9085,7198,1887,8705,6813,1892,13926,11279,2647
16,111,18259,17499,760,26003,18323,7680,38968,36542,2426,82611,73436,9175,92603,72027,20576
16,115,1691,1163,528,1690,1162,528,97,3,94,98,3,95,1731,1152,579
16,154,32612,28794,3818,9381,7331,2050,913,560,353,15914,14754,1160,237207,222325,14882
16,165,6643,4944,1699,1597,697,900,32287,29482,2805,93681,88463,5218,9187,7545,1642
16,180,11917,9155,2762,13493,11004,2489,118774,93309,25465,184921,155642,29279,158738,100199,58539
16,211,113,104,9,115,105,10,9,8,1,9,8,1,4,3,1
16,217,65042,49103,15939,77699,59563,18136,111366,103096,8270,510389,452903,57486,12882,12522,360
16,31,128,63,65,128,63,65,172,91,81,153,81,72,28,14,14
16,56,4,3,1,4,3,1,54,48,6,48,44,4,44,39,5
16,95,7,6,1,7,6,1,11,10,1,11,10,1,9,3,6
16,162,9,8,1,7,7,0,28,22,6,31,24,7,3,2,1
16,169,4,3,1,2,1,1,1,1,0,2,1,1,109,105,4
16,170,305,30,275,294,6,288,139,126,13,151,137,14,8,6,2
16,59,79,46,33,78,46,32,155,96,59,155,97,58,378,216,162
16,73,116,74,42,116,75,41,534,394,140,533,393,140,925,561,364
16,96,0,0,0,0,0,0,0,0,0,0,0,0,9,9,0
16,101,400,188,212,707,358,349,1149,992,157,751,625,126,68,36,32
16,114,1,1,0,1,1,0,1,1,0,2,2,0,2,2,0
16,153,144,105,39,37,22,15,73,25,48,160,100,60,282,196,86
16,199,431,225,206,199,98,101,987,630,357,2365,1762,603,1021,375,646
16,218,22381,10362,12019,24480,11297,13183,20883,11737,9146,34734,19686,15048,25285,11801,13484
16,83,1794,129,1665,1775,170,1605,2667,2437,230,2666,2437,229,239,227,12
16,104,8940,5345,3595,8939,5344,3595,36860,28078,8782,36859,28078,8781,899,441,458
16,127,2,1,1,1,1,0,4,1,3,9,5,4,3,3,0
16,163,89,83,6,96,89,7,588,414,174,448,305,143,127,79,48
16,193,139,106,33,306,240,66,3690,3147,543,6150,4869,1281,1724,1112,612
16,12,193,138,55,193,138,55,223,134,89,223,135,88,397,269,128
16,19,129,85,44,118,79,39,266,126,140,168,112,56,1401,1221,180
16,74,71,33,38,71,33,38,824,543,281,1454,882,572,377,233,144
16,80,537,134,403,537,134,403,742,39,703,741,39,702,252,162,90
16,121,2,1,1,1,1,0,4,1,3,2,1,1,12,7,5
16,145,189,60,129,210,65,145,194,72,122,127,92,35,214,110,104
16,200,325,218,107,330,221,109,191,106,85,223,85,138,315,260,55
16,50,7,0,7,6,1,5,1,1,0,2,2,0,0,0,0
16,65,2,2,0,3,3,0,0,0,0,0,0,0,0,0,0
16,133,11,7,4,9,6,3,15,13,2,19,15,4,23,20,3
16,157,2,2,0,4,4,0,10,7,3,12,8,4,7,5,2
16,24,6,6,0,7,6,1,4,4,0,4,4,0,4,4,0
16,42,3,2,1,3,3,0,1,1,0,2,1,1,2,2,0
16,37,8898,4282,4616,9209,4434,4775,10770,6047,4723,12758,7102,5656,5389,2796,2593
16,220,35771,23972,11799,38109,25593,12516,32362,2471,29891,28925,13143,15782,34389,16608,17781
16,11,3247,1934,1313,2918,1748,1170,7650,4850,2800,13460,7690,5770,7502,3504,3998
16,147,539,292,247,364,107,257,219,104,115,89,42,47,67,31,36
16,72,34,0,34,47,12,35,72,10,62,91,57,34,40,29,11
16,152,156,142,14,193,192,1,85,85,0,285,278,7,43,40,3
16,28,0,0,0,0,0,0,22,22,0,23,23,0,9,9,0
16,68,0,0,0,0,0,0,0,0,0,12,10,2,1,1,0
17,191,12,7,5,5,2,3,2,2,0,9,7,2,6,5,1
17,31,1,0,1,0,0,0,1,0,1,1,1,0,0,0,0
17,56,2,0,2,2,1,1,3,1,2,3,0,3,1,1,0
17,95,2,1,1,1,0,1,1,1,0,1,1,0,3,3,0
17,59,4,2,2,3,1,2,5,4,1,5,4,1,2,1,1
17,73,2,1,1,1,0,1,3,3,0,2,2,0,3,2,1
17,96,1,1,0,0,0,0,1,0,1,0,0,0,1,0,1
17,101,7,3,4,12,6,6,1,0,1,4,3,1,0,0,0
17,114,0,0,0,1,1,0,2,1,1,1,1,0,0,0,0
17,153,5,4,1,6,3,3,3,1,2,3,1,2,4,3,1
17,199,15,11,4,7,4,3,6,5,1,8,2,6,5,1,4
17,218,601,380,221,244,233,11,2185,1117,1068,661,288,373,2226,936,1290
17,83,1,1,0,1,1,0,2,2,0,1,1,0,0,0,0
17,104,10,6,4,9,5,4,14,6,8,14,6,8,0,0,0
17,193,3,2,1,66,33,33,37,19,18,5,2,3,7,7,0
17,12,1,0,1,1,1,0,2,1,1,2,1,1,3,2,1
17,19,0,0,0,0,0,0,2,1,1,1,0,1,3,2,1
17,74,2,1,1,1,0,1,24,14,10,8,3,5,6,3,3
17,145,17,10,7,20,11,9,5,2,3,8,4,4,15,6,9
17,200,5,4,1,5,5,0,9,4,5,12,4,8,12,9,3
17,7,26,24,2,26,24,2,18,10,8,18,11,7,18,10,8
17,14,63,42,21,63,41,22,56,37,19,56,38,18,18,11,7
17,25,154,47,107,155,48,107,29,9,20,423,101,322,7,6,1
17,29,17,10,7,16,10,6,19,12,7,18,11,7,18,11,7
17,38,72,52,20,73,52,21,21,21,0,22,21,1,3,2,1
17,61,19,10,9,15,8,7,22,12,10,26,15,11,24,13,11
17,85,30,15,15,30,15,15,7,4,3,8,4,4,2,1,1
17,105,79,38,41,78,38,40,15,6,9,15,6,9,12,6,6
17,173,15,7,8,23,11,12,8,4,4,7,4,3,2,2,0
17,174,113,59,54,163,85,78,98,51,47,38,21,17,42,22,20
17,176,12,7,5,13,8,5,8,1,7,6,4,2,7,4,3
17,186,0,0,0,0,0,0,35,17,18,35,17,18,3,2,1
17,209,223,118,105,615,340,275,115,57,58,659,367,292,37,27,10
17,221,35,18,17,37,19,18,3,3,0,4,3,1,0,0,0
17,50,2,2,0,2,1,1,3,2,1,6,4,2,0,0,0
17,65,14,7,7,15,7,8,2,1,1,1,1,0,2,1,1
17,157,49,19,30,42,17,25,10,2,8,8,1,7,4,1,3
17,8,0,0,0,2,1,1,4,0,4,5,0,5,0,0,0
17,24,3,2,1,4,3,1,0,0,0,0,0,0,0,0,0
17,42,9,5,4,10,5,5,1,0,1,1,0,1,3,2,1
17,91,30,16,14,30,17,13,7,5,2,6,4,2,39,21,18
17,225,99,47,52,59,29,30,40,18,22,20,10,10,16,7,9
17,37,148,39,109,489,205,284,322,248,74,709,190,519,1810,830,980
17,220,3625,1817,1808,5532,2765,2767,273,123,150,1026,206,820,2021,828,1193
17,11,44,26,18,25,15,10,10,0,10,50,20,30,13,2,11
17,28,0,0,0,0,0,0,13,3,10,14,4,10,6,2,4
17,68,0,0,0,0,0,0,0,0,0,1,1,0,0,0,0
17,54,0,0,0,0,0,0,0,0,0,176,31,145,15,3,12
18,64,30,15,15,12,8,4,39,25,14,19,3,16,55,3,52
18,118,77,12,65,67,1,66,109,83,26,58,38,20,86,49,37
18,191,20,8,12,7,3,4,19,8,11,72,35,37,27,14,13
18,108,10882,5362,5520,10883,5363,5520,7111,4148,2963,7110,4147,2963,4135,2614,1521
18,112,5364,2480,2884,5751,2636,3115,3787,1528,2259,4018,1615,2403,1320,528,792
18,202,122,76,46,51,43,8,44,9,35,44,30,14,9,8,1
18,212,2131,1315,816,1085,683,402,108,32,76,297,148,149,36,2,34
18,223,3766,1744,2022,4835,2471,2364,588,384,204,962,154,808,1142,347,795
18,9,351,86,265,186,41,145,251,75,176,82,20,62,82,31,51
18,13,103,13,90,15,5,10,29,19,10,54,5,49,28,3,25
18,55,35,5,30,35,6,29,72,14,58,136,32,104,16,6,10
18,79,2871,1420,1451,2871,1420,1451,954,386,568,896,364,532,657,258,399
18,103,681,381,300,1928,1042,886,4473,2233,2240,4150,2117,2033,702,243,459
18,211,103,23,80,105,24,81,14,3,11,16,4,12,12,4,8
18,31,109,22,87,109,22,87,158,41,117,138,36,102,104,26,78
18,56,161,77,84,161,77,84,1700,696,1004,1508,680,828,242,48,194
18,95,34,3,31,34,3,31,37,14,23,37,14,23,25,6,19
18,162,21433,10165,11268,18334,8549,9785,16311,7938,8373,13420,7181,6239,2821,446,2375
18,167,5118,2313,2805,2779,1224,1555,1719,941,778,380,190,190,343,232,111
18,170,76881,19456,57425,44743,4525,40218,81763,45083,36680,99242,52534,46708,14307,3997,10310
18,187,27,4,23,53,11,42,18,7,11,19,7,12,38,14,24
18,216,63456,29932,33524,59305,28187,31118,24213,9689,14524,11759,4617,7142,819,537,282
18,59,10,3,7,9,3,6,252,95,157,251,94,157,74,5,69
18,68,4557,2541,2016,4557,2540,2017,922,538,384,1038,618,420,913,373,540
18,73,16,6,10,16,7,9,99,43,56,98,43,55,155,35,120
18,96,1,1,0,0,0,0,20,5,15,20,6,14,1,1,0
18,101,208,86,122,387,176,211,48,25,23,116,79,37,13,1,12
18,114,8530,1653,6877,8523,1651,6872,10539,4492,6047,12245,5749,6496,8837,3459,5378
18,120,8647,3591,5056,15514,6817,8697,3808,2070,1738,10910,6620,4290,6365,2888,3477
18,153,36,19,17,72,12,60,291,78,213,284,85,199,313,105,208
18,199,66,20,46,31,9,22,650,252,398,950,378,572,736,297,439
18,218,393,139,254,405,144,261,1449,394,1055,1658,482,1176,519,125,394
18,52,0,0,0,0,0,0,47,8,39,46,8,38,1,0,1
18,83,147,83,64,159,84,75,463,111,352,462,110,352,74,53,21
18,104,791,74,717,790,73,717,15352,8430,6922,15351,8430,6921,548,271,277
18,127,1,0,1,6,0,6,9,2,7,10,1,9,6,1,5
18,163,44,27,17,49,30,19,395,188,207,308,143,165,82,21,61
18,182,88,13,75,38,3,35,1,1,0,3,1,2,4,1,3
18,188,18,5,13,20,5,15,14,9,5,44,2,42,37,19,18
18,193,91,35,56,155,61,94,2326,974,1352,904,133,771,386,15,371
18,12,118,43,75,117,43,74,136,16,120,136,17,119,242,68,174
18,19,4,2,2,20,6,14,336,121,215,517,199,318,265,120,145
18,74,37,3,34,36,3,33,1189,273,916,755,430,325,257,88,169
18,80,9332,3346,5986,9332,3347,5985,2414,400,2014,2413,399,2014,851,274,577
18,121,3,0,3,1,0,1,8,1,7,6,1,5,14,1,13
18,145,5,3,2,8,4,4,108,49,59,63,27,36,86,40,46
18,200,309,102,207,312,104,208,119,4,115,237,50,187,178,103,75
18,50,1,1,0,0,0,0,1,0,1,2,0,2,0,0,0
18,8,16,3,13,16,3,13,167,69,98,167,68,99,1,0,1
18,24,2,1,1,2,1,1,0,0,0,0,0,0,1,1,0
18,42,0,0,0,2,1,1,1,0,1,2,1,1,2,1,1
18,37,20,1,19,118,48,70,2817,1296,1521,3249,1511,1738,1226,574,652
18,220,7860,3975,3885,9064,4616,4448,7215,3698,3517,7776,3424,4352,3207,1491,1716
18,11,569,251,318,521,231,290,240,80,160,260,60,200,207,102,105
18,28,0,0,0,0,0,0,4,4,0,4,4,0,2,2,0
19,33,21,12,9,146,72,74,9,7,2,31,12,19,108,52,56
19,131,41,31,10,20,17,3,42,33,9,46,35,11,15,13,2
19,183,8,1,7,8,1,7,13,3,10,13,3,10,4,2,2
19,215,1,1,0,3,0,3,1,0,1,0,0,0,1,0,1
19,77,30,16,14,52,29,23,23,13,10,36,20,16,29,15,14
19,64,151,81,70,110,60,50,78,53,25,39,10,29,98,6,92
19,118,721,368,353,701,345,356,99,75,24,52,34,18,76,43,33
19,139,79,49,30,47,18,29,24,5,19,113,55,58,362,179,183
19,142,12,5,7,18,9,9,51,26,25,7,3,4,16,8,8
19,191,1855,717,1138,718,224,494,648,309,339,2348,1231,1117,2251,1200,1051
19,34,5,3,2,5,3,2,7,4,3,7,3,4,0,0,0
19,89,31,29,2,19,10,9,210,92,118,258,119,139,82,43,39
19,130,5,4,1,7,4,3,2,1,1,2,1,1,2,1,1
19,206,4,3,1,4,3,1,5,4,1,19,12,7,9,6,3
19,106,31,3,28,92,35,57,132,57,75,40,14,26,69,33,36
19,161,329,142,187,443,195,248,178,83,95,146,75,71,9,5,4
19,55,27,11,16,27,12,15,55,25,30,105,50,55,12,7,5
19,103,637,260,377,396,178,218,529,245,284,592,268,324,182,65,117
19,107,28,12,16,27,12,15,39,27,12,37,25,12,87,56,31
19,211,1712,791,921,1737,796,941,248,18,230,256,14,242,229,49,180
19,18,5,1,4,5,2,3,1,1,0,2,1,1,1,0,1
19,31,84,49,35,83,49,34,112,68,44,100,61,39,668,357,311
19,56,93,56,37,93,56,37,81,64,17,80,46,34,179,138,41
19,95,503,255,248,503,255,248,260,143,117,260,143,117,291,165,126
19,162,574,310,264,491,263,228,1190,658,532,1319,708,611,194,68,126
19,169,53,17,36,33,1,32,360,165,195,331,182,149,691,357,334
19,170,44,21,23,41,4,37,174,90,84,187,97,90,8,3,5
19,187,197,123,74,270,164,106,65,43,22,72,47,25,141,94,47
19,59,253,145,108,253,145,108,268,142,126,267,142,125,284,165,119
19,73,30,21,9,29,20,9,150,106,44,150,106,44,249,156,93
19,96,22,11,11,21,10,11,15,9,6,14,9,5,2,1,1
19,101,36,9,27,315,163,152,499,257,242,282,66,216,35,5,30
19,114,7,4,3,7,4,3,44,25,19,44,25,19,19,11,8
19,120,4,2,2,8,5,3,97,58,39,82,46,36,31,20,11
19,153,36,32,4,68,43,25,109,65,44,311,174,137,366,210,156
19,199,176,87,89,82,38,44,257,159,98,446,251,195,518,293,225
19,218,2274,1427,847,2584,1517,1067,1582,1166,416,3416,2081,1335,3201,1242,1959
19,4,2,1,1,2,1,1,14,8,6,24,13,11,29,11,18
19,52,13,0,13,8,8,0,88,47,41,88,48,40,2,0,2
19,83,368,192,176,287,207,80,304,139,165,303,139,164,228,170,58
19,104,2603,537,2066,2603,537,2066,18647,8664,9983,18646,8663,9983,936,464,472
19,127,4,2,2,35,18,17,35,17,18,62,42,20,39,26,13
19,163,656,327,329,742,370,372,343,195,148,188,58,130,295,74,221
19,182,95,55,40,76,42,34,44,24,20,5,3,2,6,4,2
19,188,11,0,11,10,1,9,65,28,37,104,40,64,84,27,57
19,193,3452,1848,1604,12200,6297,5903,4587,2485,2102,4677,2525,2152,1255,485,770
19,12,182,101,81,182,101,81,210,80,130,209,79,130,374,185,189
19,74,4137,477,3660,4137,478,3659,8883,5488,3395,13233,4964,8269,11572,4258,7314
19,80,689,142,547,690,143,547,5536,2670,2866,5536,2670,2866,1164,556,608
19,119,10,6,4,11,6,5,9,3,6,10,3,7,0,0,0
19,121,674,496,178,800,567,233,79,37,42,221,107,114,6857,3588,3269
19,145,894,10,884,2378,586,1792,2052,1060,992,2296,1230,1066,4708,2675,2033
19,200,657,625,32,687,659,28,1418,441,977,1685,15,1670,2421,1694,727
19,14,6,5,1,6,5,1,4,2,2,4,2,2,2,1,1
19,38,5,3,2,5,2,3,1,0,1,1,1,0,1,0,1
19,62,54,28,26,54,29,25,176,105,71,179,106,73,13,8,5
19,86,62,27,35,62,27,35,68,45,23,68,45,23,17,7,10
19,129,29,12,17,29,12,17,5,1,4,6,1,5,4,0,4
19,50,31,15,16,54,32,22,77,46,31,142,83,59,12,7,5
19,65,23,12,11,23,12,11,1,1,0,0,0,0,2,1,1
19,94,0,0,0,0,0,0,0,0,0,1,1,0,1,1,0
19,133,157,44,113,196,66,130,171,46,125,79,7,72,5,2,3
19,148,10,7,3,2,0,2,1,0,1,2,2,0,3,3,0
19,157,3,2,1,1,1,0,101,69,32,108,74,34,40,27,13
19,8,41,27,14,41,27,14,295,133,162,295,132,163,2,1,1
19,24,52,20,32,48,18,30,22,13,9,22,13,9,53,29,24
19,28,238,79,159,239,80,159,212,179,33,201,162,39,343,246,97
19,42,93,54,39,93,53,40,156,35,121,157,35,122,329,139,190
19,46,3,0,3,4,0,4,13,4,9,49,32,17,29,18,11
19,63,35,18,17,35,18,17,64,37,27,169,81,88,267,133,134
19,75,35,15,20,35,16,19,8,6,2,8,5,3,1,0,1
19,160,55,31,24,65,34,31,77,41,36,44,25,19,46,26,20
19,225,64,34,30,58,32,26,4,2,2,3,1,2,10,4,6
19,22,5,3,2,5,3,2,2,0,2,3,1,2,0,0,0
19,37,927,496,431,437,257,180,358,83,275,834,524,310,2432,1191,1241
19,220,920,155,765,449,366,83,11185,5301,5884,571,372,199,232,163,69
19,11,511,231,280,209,95,114,470,250,220,720,380,340,1319,739,580
19,68,0,0,0,0,0,0,0,0,0,117,68,49,8,5,3
19,54,0,0,0,0,0,0,0,0,0,84,38,46,7,4,3
20,55,0,0,0,0,0,0,0,0,0,0,0,0,0,0,0
20,31,1,0,1,0,0,0,1,0,1,0,0,0,0,0,0
20,56,0,0,0,0,0,0,0,0,0,1,0,1,0,0,0
20,95,1,1,0,0,0,0,0,0,0,0,0,0,2,2,0
20,59,2,1,1,2,1,1,3,0,3,3,1,2,4,0,4
20,73,1,0,1,1,1,0,0,0,0,0,0,0,1,1,0
20,96,1,0,1,0,0,0,1,1,0,0,0,0,2,1,1
20,101,1,0,1,3,1,2,0,0,0,1,0,1,0,0,0
20,218,70,41,29,81,36,45,24,13,11,101,52,49,158,38,120
20,83,2,1,1,1,1,0,2,0,2,3,1,2,0,0,0
20,104,6,4,2,6,4,2,4,2,2,4,2,2,0,0,0
20,193,2,1,1,61,31,30,34,18,16,7,5,2,9,3,6
20,12,3,1,2,3,2,1,4,2,2,3,1,2,6,3,3
20,74,2,1,1,0,0,0,15,10,5,16,10,6,1,0,1
20,200,17,9,8,19,9,10,3,1,2,6,1,5,9,7,2
20,7,2,1,1,1,1,0,1,0,1,1,1,0,1,1,0
20,14,9,3,6,9,3,6,14,5,9,14,5,9,3,1,2
20,17,0,0,0,0,0,0,15,7,8,6,3,3,1,1,0
20,38,125,68,57,125,68,57,19,8,11,19,9,10,4,2,2
20,105,1,1,0,0,0,0,0,0,0,0,0,0,0,0,0
20,174,1,1,0,1,1,0,0,0,0,0,0,0,0,0,0
20,50,79,32,47,17,2,15,37,23,14,68,41,27,6,3,3
20,65,13,6,7,13,5,8,54,26,28,53,26,27,14,7,7
20,88,66,42,24,68,43,25,109,70,39,108,69,39,120,68,52
20,94,29,11,18,29,12,17,5,1,4,6,1,5,8,6,2
20,133,135,38,97,141,9,132,250,218,32,465,309,156,848,394,454
20,148,12,7,5,14,8,6,12,7,5,1,1,0,1,1,0
20,157,8,5,3,14,7,7,9,1,8,8,2,6,13,9,4
20,8,0,0,0,0,0,0,3,1,2,3,0,3,0,0,0
20,24,31,30,1,40,37,3,72,39,33,73,39,34,128,65,63
20,42,7,4,3,7,4,3,0,0,0,1,1,0,1,1,0
20,225,1,1,0,0,0,0,0,0,0,2,1,1,1,0,1
20,37,210,99,111,237,113,124,222,99,123,319,147,172,226,107,119
20,220,4394,1965,2429,5800,2614,3186,2936,1358,1578,3466,1010,2456,3212,1247,1965
20,11,17,6,11,17,7,10,10,10,0,20,0,20,32,10,22
20,28,0,0,0,0,0,0,2,0,2,3,0,3,1,0,1
20,68,0,0,0,0,0,0,0,0,0,1,1,0,0,0,0
21,48,893,437,456,2299,1106,1193,752,187,565,4261,2431,1830,3762,1761,2001
21,77,3146,1585,1561,5364,2705,2659,2336,1189,1147,3761,1916,1845,3072,1516,1556
21,64,11,10,1,8,8,0,5,5,0,3,3,0,7,7,0
21,142,11,4,7,13,5,8,44,20,24,6,2,4,13,5,8
21,191,73,45,28,38,24,14,15,9,6,58,38,20,43,29,14
21,32,500,252,248,517,283,234,469,247,222,456,224,232,182,92,90
21,51,5922,3049,2873,3495,1939,1556,1659,887,772,90,71,19,1994,1079,915
21,81,855,412,443,1059,167,892,4057,2472,1585,443,181,262,2588,1520,1068
21,89,359,330,29,226,109,117,2410,901,1509,2960,1175,1785,944,437,507
21,117,2,2,0,2,1,1,29,11,18,7,5,2,5,5,0
21,126,24,15,9,46,26,20,1598,906,692,1623,919,704,294,163,131
21,130,51,42,9,55,36,19,18,11,7,10,7,3,6,4,2
21,149,4013,1227,2786,4120,1267,2853,307,102,205,281,89,192,239,82,157
21,150,20957,11337,9620,25656,13788,11868,47006,25696,21310,79871,43624,36247,81896,44477,37419
21,181,136,60,76,300,218,82,214,158,56,359,253,106,94,49,45
21,184,7,7,0,7,7,0,6,4,2,2,2,0,1,1,0
21,206,2020,1150,870,10841,5483,5358,13875,6664,7211,16891,6210,10681,3773,1413,2360
21,55,1,1,0,1,1,0,2,2,0,4,4,0,0,0,0
21,31,7,4,3,6,3,3,8,4,4,8,5,3,2,1,1
21,56,3,3,0,3,3,0,15,12,3,13,10,3,6,3,3
21,95,4,2,2,3,2,1,4,3,1,4,3,1,2,1,1
21,170,9,8,1,6,1,5,112,46,66,115,49,66,1,1,0
21,59,10,7,3,9,7,2,11,7,4,11,7,4,13,10,3
21,73,0,0,0,0,0,0,3,2,1,2,1,1,16,12,4
21,101,12,5,7,21,8,13,2,1,1,6,4,2,1,0,1
21,114,0,0,0,0,0,0,0,0,0,0,0,0,0,0,0
21,153,8,8,0,4,1,3,1,0,1,10,5,5,10,7,3
21,199,3,1,2,2,1,1,10,6,4,46,35,11,11,11,0
21,218,95,47,48,99,49,50,172,93,79,205,111,94,75,36,39
21,83,2,2,0,2,1,1,0,0,0,1,1,0,0,0,0
21,104,549,315,234,549,316,233,681,440,241,680,439,241,36,18,18
21,163,8,7,1,10,8,2,8,6,2,4,2,2,3,2,1
21,193,19,11,8,42,26,16,221,178,43,108,73,35,50,36,14
21,12,6,4,2,5,4,1,7,4,3,6,4,2,12,9,3
21,19,208,167,41,231,181,50,193,67,126,152,90,62,507,341,166
21,74,371,115,256,371,115,256,5425,3109,2316,1229,287,942,1542,782,760
21,80,249,163,86,249,163,86,482,306,176,481,305,176,71,49,22
21,145,24,15,9,29,17,12,168,127,41,25,18,7,25,8,17
21,200,102,72,30,104,72,32,46,23,23,56,14,42,84,66,18
21,50,0,0,0,0,0,0,0,0,0,0,0,0,0,0,0
21,24,0,0,0,0,0,0,1,0,1,0,0,0,0,0,0
21,42,1,1,0,0,0,0,0,0,0,0,0,0,1,1,0
21,37,118,56,62,127,61,66,684,445,239,756,489,267,229,138,91
21,11,4,2,2,3,2,1,10,10,0,40,20,20,45,33,12
21,96,0,0,0,0,0,0,0,0,0,0,0,0,1,1,0
21,36,0,0,0,0,0,0,2414,1348,1066,493,237,256,243,160,83
21,28,0,0,0,0,0,0,13,9,4,13,9,4,5,3,2
22,191,23,5,18,12,2,10,4,3,1,19,11,8,13,8,5
22,55,0,0,0,0,0,0,0,0,0,0,0,0,0,0,0
22,31,0,0,0,0,0,0,1,0,1,0,0,0,1,1,0
22,56,0,0,0,0,0,0,1,0,1,1,0,1,1,1,0
22,95,1,0,1,0,0,0,0,0,0,0,0,0,0,0,0
22,59,4,1,3,5,2,3,0,0,0,0,0,0,0,0,0
22,73,0,0,0,0,0,0,0,0,0,0,0,0,4,4,0
22,96,1,1,0,0,0,0,0,0,0,1,0,1,2,1,1
22,101,19,8,11,36,17,19,4,2,2,10,6,4,1,0,1
22,218,29551,14244,15307,29014,14027,14987,465,223,242,740,374,366,505,217,288
22,83,2,2,0,2,1,1,3,1,2,1,0,1,0,0,0
22,12,2,1,1,1,1,0,2,1,1,1,0,1,3,2,1
22,74,2,0,2,2,1,1,39,7,32,10,9,1,9,3,6
22,145,4,2,2,6,1,5,5,3,2,9,3,6,6,3,3
22,7,1,1,0,3,2,1,1,0,1,1,1,0,1,1,0
22,14,11,8,3,10,7,3,12,5,7,11,5,6,3,1,2
22,17,0,0,0,0,0,0,20,10,10,7,3,4,1,1,0
22,38,12,9,3,12,8,4,2,1,1,1,1,0,1,0,1
22,62,1,1,0,1,1,0,2,1,1,2,1,1,1,1,0
22,174,0,0,0,2,1,1,0,0,0,1,0,1,0,0,0
22,50,0,0,0,3,1,2,3,2,1,6,4,2,0,0,0
22,24,1,0,1,0,0,0,0,0,0,1,0,1,0,0,0
22,42,8,5,3,8,5,3,1,0,1,1,0,1,2,1,1
22,37,98,44,54,140,64,76,400,212,188,539,283,256,335,166,169
22,220,53,46,7,368,221,147,193,76,117,139,115,24,81,28,53
22,11,41,16,25,18,4,14,70,30,40,60,50,10,82,14,68
23,97,1478,623,855,1479,624,855,618,331,287,619,331,288,247,132,115
23,144,90859,46465,44394,3532,2099,1433,2956,1597,1359,34642,17389,17253,44858,22883,21975
23,194,26,22,4,28,18,10,57,22,35,116,67,49,4,3,1
23,31,6,3,3,6,3,3,8,5,3,7,4,3,3,2,1
23,56,0,0,0,0,0,0,2,1,1,1,0,1,1,0,1
23,59,1,1,0,1,1,0,139,68,71,138,68,70,328,171,157
23,73,0,0,0,0,0,0,2,1,1,1,1,0,3,1,2
23,101,3,2,1,4,2,2,0,0,0,1,0,1,0,0,0
23,153,3,3,0,7,3,4,9,8,1,211,90,121,135,53,82
23,199,2,2,0,1,0,1,9,4,5,11,9,2,4,2,2
23,218,37,24,13,38,23,15,153,99,54,173,112,61,51,32,19
23,83,2,0,2,1,0,1,0,0,0,1,1,0,0,0,0
23,104,12,10,2,12,10,2,0,0,0,1,0,1,0,0,0
23,12,2,1,1,2,2,0,2,1,1,1,0,1,3,2,1
23,19,0,0,0,2,1,1,31,24,7,15,14,1,54,29,25
23,74,8,3,5,7,3,4,211,122,89,36,13,23,7,4,3
23,145,4,4,0,6,4,2,29,18,11,146,74,72,133,61,72
23,200,2,1,1,0,0,0,2,0,2,10,3,7,10,7,3
23,62,1,1,0,1,1,0,1,1,0,2,2,0,0,0,0
23,50,1,1,0,1,1,0,1,1,0,2,2,0,0,0,0
23,42,0,0,0,0,0,0,1,1,0,1,1,0,3,3,0
23,37,17,8,9,18,9,9,1076,535,541,1143,570,573,265,131,134
23,11,8,6,2,7,5,2,70,40,30,1610,790,820,2109,1097,1012
24,191,60,32,28,30,24,6,13,1,12,48,7,41,35,6,29
24,161,172,87,85,251,125,126,255,129,126,242,126,116,1,0,1
24,55,1,0,1,1,1,0,2,1,1,5,3,2,1,1,0
24,31,5,3,2,4,2,2,6,3,3,5,2,3,4,1,3
24,56,6,4,2,6,4,2,25,19,6,21,16,5,5,2,3
24,95,13,8,5,13,8,5,9,7,2,8,6,2,6,5,1
24,162,5,3,2,4,3,1,11,10,1,13,11,2,2,2,0
24,170,42,9,33,41,2,39,122,71,51,126,75,51,1,1,0
24,59,45,20,25,44,20,24,144,72,72,144,72,72,26,13,13
24,73,10,4,6,10,4,6,45,20,25,45,20,25,49,15,34
24,96,3,1,2,2,0,2,1,1,0,0,0,0,3,0,3
24,101,7,3,4,12,6,6,1,0,1,4,3,1,0,0,0
24,153,54,35,19,92,49,43,75,37,38,86,39,47,107,61,46
24,199,345,178,167,159,77,82,332,162,170,1081,529,552,723,362,361
24,218,467,191,276,478,194,284,1157,547,610,1342,643,699,444,176,268
24,52,0,0,0,0,0,0,16,9,7,16,10,6,0,0,0
24,83,4,0,4,5,1,4,3,3,0,3,3,0,1,1,0
24,104,924,286,638,924,286,638,6877,2597,4280,6876,2597,4279,355,176,179
24,163,17,9,8,19,9,10,79,8,71,58,2,56,27,4,23
24,193,661,291,370,1723,806,917,88728,39283,49445,123102,50252,72850,61345,31577,29768
24,12,36,19,17,36,20,16,42,15,27,41,14,27,74,36,38
24,19,0,0,0,8,3,5,58,29,29,9,6,3,159,63,96
24,74,42,6,36,41,6,35,736,328,408,803,289,514,238,92,146
24,80,151,66,85,150,66,84,1756,764,992,1756,765,991,179,79,100
24,145,101,43,58,114,48,66,157,51,106,172,71,101,121,41,80
24,200,551,248,303,558,253,305,310,66,244,452,46,406,509,338,171
24,53,31,20,11,31,19,12,0,0,0,6,3,3,6,3,3
24,62,40,17,23,40,17,23,139,65,74,142,67,75,9,5,4
24,164,6,3,3,7,3,4,26,12,14,38,19,19,2,0,2
24,50,49,23,26,62,42,20,97,62,35,179,112,67,15,9,6
24,65,14,11,3,15,11,4,4,1,3,3,1,2,2,1,1
24,88,10,8,2,9,7,2,16,8,8,16,9,7,18,9,9
24,94,3,2,1,1,1,0,2,2,0,3,2,1,3,2,1
24,133,206,57,149,282,105,177,119,100,19,100,19,81,727,376,351
24,148,9,6,3,8,5,3,11,6,5,3,2,1,4,3,1
24,157,19,8,11,5,2,3,91,41,50,106,50,56,68,34,34
24,8,39451,19867,19584,39452,19869,19583,68503,32059,36444,68502,32059,36443,55906,27571,28335
24,28,2221,1046,1175,2220,1045,1175,9234,4799,4435,8808,4552,4256,7857,4210,3647
24,42,1646,699,947,1645,698,947,8580,4028,4552,8580,4028,4552,9826,4788,5038
24,46,29,24,5,28,23,5,17,3,14,104,70,34,54,33,21
24,63,63,34,29,62,34,28,114,68,46,303,153,150,477,249,228
24,159,167,88,79,164,82,82,54,27,27,52,28,24,25,13,12
24,160,522,256,266,602,275,327,709,327,382,410,196,214,429,205,224
24,225,193,99,94,193,101,92,26,15,11,24,13,11,79,29,50
24,37,403,191,212,449,213,236,1228,527,701,1446,634,812,596,270,326
24,220,10140,5139,5001,11835,6042,5793,11486,5868,5618,12280,5471,6809,3029,1368,1661
24,11,113,55,58,78,40,38,80,40,40,110,40,70,165,75,90
24,68,0,0,0,0,0,0,0,0,0,1,0,1,0,0,0
25,74,3,0,3,3,1,2,1,1,0,1,1,0,7,3,4
25,145,438,191,247,549,243,306,661,320,341,93,31,62,64,42,22
25,7,3,1,2,2,1,1,1,0,1,0,0,0,1,1,0
25,10,80,42,38,79,42,37,37,19,18,33,18,15,15,8,7
25,176,7,4,3,7,0,7,3,2,1,3,0,3,4,2,2
25,186,0,0,0,0,0,0,79,37,42,79,37,42,7,3,4
25,221,40,20,20,42,21,21,9,3,6,7,3,4,0,0,0
25,24,4,3,1,16,8,8,16,8,8,1,0,1,2,1,1
25,225,12,6,6,19,10,9,45,22,23,46,23,23,58,21,37
25,54,0,0,0,0,0,0,0,0,0,2148,875,1273,186,78,108
26,64,10,5,5,13,6,7,9,6,3,4,1,3,11,1,10
26,118,87,58,29,90,61,29,44,34,10,25,18,7,37,25,12
26,191,56,11,45,25,6,19,23,5,18,50,18,32,33,14,19
26,55,7,3,4,7,3,4,14,6,8,28,13,15,3,2,1
26,107,123,58,65,123,58,65,33,22,11,30,19,11,73,46,27
26,211,189,35,154,4161,2375,1786,554,332,222,60,2,58,59,12,47
26,31,18,12,6,18,12,6,26,17,9,23,16,7,9,5,4
26,56,178,116,62,178,116,62,1002,671,331,861,607,254,74,32,42
26,95,58,38,20,59,38,21,62,38,24,62,38,24,117,62,55
26,162,670,337,333,572,283,289,151,47,104,196,15,181,129,24,105
26,170,142,21,121,134,3,131,66,1,65,77,10,67,10,9,1
26,187,86,58,28,124,83,41,32,23,9,35,25,10,69,50,19
26,59,1217,629,588,1216,629,587,171,74,97,172,75,97,154,77,77
26,73,100,53,47,100,53,47,206,109,97,206,109,97,220,80,140
26,96,5,3,2,4,2,2,65,33,32,64,33,31,6,5,1
26,101,219,100,119,406,200,206,45,23,22,122,86,36,13,2,11
26,114,0,0,0,1,1,0,1,1,0,2,2,0,1,1,0
26,153,9398,4648,4750,2172,1044,1128,1032,557,475,384,165,219,354,145,209
26,199,7558,3624,3934,3480,1571,1909,3287,1488,1799,1370,636,734,2400,1404,996
26,218,2292,857,1435,2362,886,1476,261,24,237,809,302,507,929,341,588
26,52,193544,92093,101451,75966,35247,40719,14040,7674,6366,14041,7674,6367,2556,596,1960
26,83,65,64,1,73,66,7,44,3,41,43,2,41,22,16,6
26,104,11403,6105,5298,11402,6105,5297,7867,5614,2253,7868,5614,2254,312,155,157
26,127,5,3,2,47,31,16,45,28,17,31,22,9,38,28,10
26,163,14,6,8,17,8,9,10,5,5,9,8,1,6,1,5
26,182,224768,103415,121353,93615,38824,54791,8853,6983,1870,7928,3665,4263,7751,3938,3813
26,188,3325,1548,1777,2907,1260,1647,4235,4041,194,37343,25739,11604,6319,3750,2569
26,193,224,126,98,599,326,273,422,220,202,274,119,155,101,72,29
26,204,1624,677,947,1625,678,947,214,91,123,215,91,124,670,266,404
26,12,11837,6768,5069,11837,6769,5068,8322,3708,4614,8321,3707,4614,22498,11797,10701
26,19,13,9,4,69,33,36,508,239,269,327,172,155,1356,698,658
26,74,271,64,207,270,64,206,2425,1348,1077,1563,462,1101,1053,478,575
26,80,21369,8040,13329,21369,8041,13328,21046,9124,11922,21046,9124,11922,6658,3210,3448
26,119,64,24,40,58,19,39,62,32,30,60,33,27,15,9,6
26,121,114,63,51,90,49,41,282,87,195,261,76,185,839,495,344
26,145,157,79,78,170,86,84,212,101,111,87,44,43,56,32,24
26,200,1323,380,943,1177,249,928,4728,1510,3218,5691,60,5631,8577,6060,2517
26,62,1,1,0,0,0,0,1,1,0,1,1,0,0,0,0
26,24,0,0,0,0,0,0,5,4,1,4,3,1,1,1,0
26,42,3,2,1,2,1,1,2,1,1,2,0,2,5,1,4
26,225,1,1,0,0,0,0,0,0,0,2,1,1,2,1,1
26,37,119,7,112,705,287,418,3842,2305,1537,5632,3236,2396,4164,2111,2053
26,220,20162,10195,9967,23250,11840,11410,7329,3900,3429,8631,3322,5309,7464,3483,3981
26,11,3966,2024,1942,2412,1292,1120,9750,4770,4980,1310,400,910,1699,738,961
26,28,0,0,0,0,0,0,34,16,18,34,15,19,14,6,8
26,68,0,0,0,0,0,0,0,0,0,2,1,1,0,0,0
26,137,0,0,0,0,0,0,0,0,0,34300,13814,20486,245,102,143
27,219,28,20,8,8,5,3,16,12,4,4,3,1,5,5,0
27,230,241,89,152,117,44,73,208,79,129,599,302,297,1721,905,816
27,231,21,13,8,1088,620,468,122,70,52,429,245,184,419,240,179
27,116,3,1,2,4,3,1,2,1,1,2,1,1,2,1,1
27,142,43,17,26,67,30,37,182,91,91,25,11,14,55,25,30
27,191,4396,3594,802,2584,465,2119,3415,2008,1407,12365,7738,4627,11902,7527,4375
27,198,97,56,41,19,0,19,14,5,9,15,5,10,13,11,2
27,55,1,0,1,1,1,0,2,1,1,4,2,2,0,0,0
27,31,4,2,2,4,3,1,6,3,3,6,4,2,3,1,2
27,56,1,1,0,0,0,0,39,23,16,35,21,14,26,17,9
27,95,2,1,1,1,0,1,1,1,0,1,1,0,2,1,1
27,170,9,5,4,8,1,7,80,46,34,82,47,35,1,1,0
27,59,14,6,8,13,6,7,5,1,4,5,2,3,4,4,0
27,73,1,0,1,1,0,1,5,4,1,4,3,1,6,2,4
27,101,27,14,13,51,29,22,4,2,2,15,11,4,2,1,1
27,153,5,3,2,46,28,18,14,7,7,16,5,11,7,0,7
27,199,7,2,5,4,1,3,12,5,7,21,11,10,26,10,16
27,218,63,35,28,65,19,46,476,174,302,677,284,393,385,158,227
27,83,0,0,0,2,1,1,3,2,1,2,1,1,0,0,0
27,104,5,3,2,4,2,2,17,8,9,17,9,8,0,0,0
27,12,2,1,1,1,0,1,2,0,2,2,1,1,3,1,2
27,19,0,0,0,1,1,0,3,0,3,4,2,2,11,1,10
27,74,6,1,5,6,1,5,146,66,80,10,5,5,3,1,2
27,145,41,20,21,47,21,26,25,13,12,12,6,6,21,11,10
27,200,12,7,5,13,6,7,8,5,3,11,5,6,11,9,2
27,14,0,0,0,0,0,0,7,4,3,6,4,2,1,1,0
27,42,0,0,0,0,0,0,1,0,1,1,0,1,2,1,1
27,37,54,26,28,57,28,29,195,84,111,219,97,122,71,32,39
27,11,260,144,116,237,131,106,330,190,140,160,40,120,158,84,74
27,68,0,0,0,0,0,0,0,0,0,0,0,0,0,0,0
28,39,0,0,0,0,0,0,0,0,0,0,0,0,0,0,0
28,64,25,11,14,16,7,9,18,11,7,9,1,8,27,2,25
28,118,104,33,71,98,27,71,39,29,10,20,13,7,28,16,12
28,142,35,11,24,53,21,32,147,63,84,21,8,13,45,17,28
28,191,253,117,136,255,204,51,239,98,141,867,401,466,830,392,438
28,34,27,15,12,26,14,12,73,32,41,72,31,41,11,5,6
28,81,2,1,1,1,0,1,3,2,1,0,0,0,2,1,1
28,89,37,35,2,23,13,10,252,121,131,310,155,155,98,54,44
28,130,15,12,3,15,10,5,5,3,2,3,2,1,2,1,1
28,181,24,10,14,54,39,15,38,28,10,65,44,21,17,9,8
28,43,20707,10942,9765,20707,10942,9765,6164,5844,320,6162,5843,319,9737,7349,2388
28,57,661,315,346,661,315,346,362,194,168,362,194,168,255,135,120
28,106,122420,57097,65323,75548,31680,43868,36958,18483,18475,13097,4643,8454,48325,22416,25909
28,161,1751,881,870,2272,1126,1146,2042,1006,1036,1944,976,968,2,0,2
28,205,13,8,5,16,9,7,11,0,11,26,11,15,3,0,3
28,16,4835,4186,649,4834,4185,649,1944,1705,239,1944,1705,239,810,722,88
28,55,6,2,4,6,2,4,12,4,8,24,9,15,3,2,1
28,103,893,348,545,515,227,288,645,297,348,742,331,411,271,93,178
28,107,14,12,2,14,12,2,57,39,18,52,34,18,127,83,44
28,211,118,45,73,119,44,75,11,1,10,12,1,11,11,3,8
28,18,20,3,17,18,2,16,4,2,2,4,1,3,5,2,3
28,31,17,7,10,17,7,10,24,11,13,21,9,12,27,8,19
28,56,14,9,5,14,9,5,132,72,60,116,67,49,121,84,37
28,95,139,79,60,139,79,60,81,46,35,81,46,35,392,256,136
28,162,44,20,24,36,17,19,43,32,11,40,35,5,9,3,6
28,169,3,2,1,1,0,1,0,0,0,1,1,0,41,1,40
28,170,17,14,3,10,3,7,78,32,46,87,36,51,8,3,5
28,187,26,9,17,36,12,24,9,4,5,9,4,5,19,9,10
28,59,389,121,268,388,120,268,738,252,486,737,251,486,317,100,217
28,70,0,0,0,2,1,1,12,11,1,10,5,5,5,4,1
28,73,41,18,23,40,17,23,392,167,225,391,167,224,514,146,368
28,96,9,3,6,8,3,5,39,8,31,39,8,31,26,8,18
28,101,961,451,510,1699,858,841,4106,2737,1369,2929,1671,1258,217,75,142
28,114,4,2,2,5,2,3,10,10,0,10,9,1,6,4,2
28,120,9,3,6,19,9,10,7,3,4,6,4,2,10,5,5
28,153,319,128,191,365,143,222,725,235,490,1620,421,1199,1571,530,1041
28,199,512,182,330,237,76,161,961,318,643,1548,530,1018,1085,440,645
28,218,2473,886,1587,2677,951,1726,16330,7561,8769,18858,8828,10030,6157,2333,3824
28,52,11,7,4,16,11,5,45,20,25,44,20,24,1,0,1
28,83,303,3,300,343,6,337,86,10,76,85,9,76,107,78,29
28,104,1721,884,837,1721,885,836,37653,15582,22071,37653,15583,22070,2412,1197,1215
28,127,5,2,3,8,3,5,8,4,4,42,21,21,22,13,9
28,163,12209,6662,5547,13668,7421,6247,42015,16868,25147,26801,10137,16664,11553,1882,9671
28,178,2,1,1,3,0,3,2,1,1,1,1,0,1,0,1
28,182,37,15,22,30,11,19,17,5,12,2,1,1,2,0,2
28,188,7,0,7,9,1,8,8,6,2,54,10,44,36,21,15
28,193,3678,1385,2293,11047,4565,6482,40323,14887,25436,64147,25112,39035,32924,16666,16258
28,12,366,163,203,366,163,203,423,97,326,422,97,325,752,277,475
28,19,406,87,319,369,77,292,1134,431,703,2404,1008,1396,3111,1218,1893
28,74,661,64,597,660,63,597,20372,10339,10033,10941,1327,9614,4336,1536,2800
28,80,5946,451,5495,5946,451,5495,19213,7179,12034,19213,7179,12034,2129,684,1445
28,119,14,4,10,15,5,10,38,10,28,40,11,29,27,14,13
28,121,15,6,9,11,4,7,35,2,33,32,1,31,104,47,57
28,145,1879,721,1158,2071,791,1280,2417,652,1765,3242,1071,2171,2660,922,1738
28,200,5543,2310,3233,5612,2370,3242,7665,850,6815,10426,1068,9358,7077,4103,2974
28,14,5,2,3,6,3,3,33,17,16,32,16,16,9,4,5
28,38,26,12,14,26,12,14,4,1,3,4,2,2,1,0,1
28,62,105,35,70,105,35,70,271,103,168,278,106,172,34,17,17
28,86,4,4,0,3,3,0,10,5,5,9,4,5,2,0,2
28,129,25,10,15,26,11,15,3,0,3,4,1,3,4,1,3
28,164,10,5,5,12,6,6,45,22,23,65,32,33,2,0,2
28,174,1,1,0,3,2,1,1,1,0,2,1,1,0,0,0
28,50,42,13,29,111,57,54,143,73,70,264,130,134,22,10,12
28,65,65,20,45,66,21,45,17,12,5,17,12,5,10,5,5
28,88,37,26,11,37,27,10,29,26,3,29,27,2,31,19,12
28,94,7,4,3,6,4,2,3,0,3,4,0,4,5,3,2
28,133,800,298,502,909,354,555,353,182,171,788,373,415,1666,728,938
28,148,28,11,17,9,3,6,6,3,3,7,4,3,8,4,4
28,157,62,26,36,107,40,67,421,226,195,481,264,217,298,138,160
28,8,717,494,223,717,494,223,4679,1926,2753,4679,1926,2753,6509,2729,3780
28,24,2188,1078,1110,2055,1005,1050,3652,1937,1715,3613,1920,1693,3622,1887,1735
28,42,1277,603,674,1277,604,673,2107,1027,1080,2107,1028,1079,7143,696,6447
28,46,81,33,48,80,32,48,16,0,16,308,157,151,156,82,74
28,63,67,47,20,66,47,19,198,106,92,526,225,301,829,372,457
28,75,818,282,536,818,283,535,4149,2162,1987,4148,2162,1986,3344,1584,1760
28,91,295,179,116,294,178,116,374,231,143,373,231,142,314,192,122
28,159,13905,7624,6281,14242,8076,6166,3942,2066,1876,3743,2040,1703,1808,991,817
28,160,443,216,227,512,234,278,602,277,325,348,166,182,364,173,191
28,197,494,271,223,610,331,279,717,401,316,705,387,318,830,456,374
28,222,2527,1012,1515,3815,1696,2119,261,136,125,449,327,122,301,192,109
28,225,267,138,129,238,120,118,386,188,198,409,201,208,403,159,244
28,37,3030,1446,1584,3269,1562,1707,5888,2689,3199,7043,3265,3778,3087,1446,1641
28,220,62016,23759,38257,67923,26355,41568,59869,24195,35674,63208,21381,41827,12463,4149,8314
28,11,1034,402,632,800,302,498,2780,1380,1400,9010,4360,4650,4180,1854,2326
28,147,167,69,98,247,106,141,1048,509,539,1042,503,539,1000,481,519
28,68,0,0,0,0,0,0,0,0,0,62,28,34,4,2,2
29,191,9,4,5,4,1,3,1,1,0,8,6,2,4,3,1
29,211,25,11,14,27,12,15,2,0,2,2,0,2,1,0,1
29,31,13,9,4,12,8,4,20,14,6,17,12,5,11,10,1
29,101,1,1,0,1,0,1,0,0,0,1,1,0,0,0,0
29,218,141,56,85,146,57,89,49,18,31,24,6,18,31,12,19
29,83,2,2,0,4,3,1,3,0,3,4,0,4,0,0,0
29,7,7,3,4,7,4,3,6,3,3,6,3,3,6,3,3
29,14,3,1,2,4,2,2,4,3,1,5,3,2,0,0,0
29,25,874,389,485,874,389,485,114,50,64,1806,795,1011,7,4,3
29,61,10,5,5,8,4,4,11,6,5,13,6,7,12,6,6
29,62,2,1,1,1,1,0,28,13,15,28,13,15,4,2,2
29,85,2,1,1,3,2,1,0,0,0,1,0,1,0,0,0
29,173,34,17,17,53,29,24,26,14,12,18,10,8,6,4,2
29,174,2,1,1,2,1,1,0,0,0,0,0,0,0,0,0
29,186,0,0,0,0,0,0,434,198,236,434,198,236,36,16,20
29,221,28,12,16,34,14,20,133,48,85,131,47,84,1,0,1
29,42,0,0,0,0,0,0,0,0,0,0,0,0,0,0,0
29,37,22,11,11,25,12,13,14,6,8,8,4,4,11,5,6
29,11,3,1,2,3,2,1,0,0,0,10,10,0,10,10,0
29,54,0,0,0,0,0,0,0,0,0,92,15,77,7,1,6
30,64,10,5,5,5,3,2,10,6,4,5,1,4,16,2,14
30,191,9,3,6,4,2,2,1,0,1,8,4,4,4,2,2
30,202,7,2,5,4,2,2,2,2,0,1,0,1,2,1,1
30,124,278,25,253,205,119,86,1131,699,432,1702,1082,620,261,225,36
30,161,294,136,158,405,185,220,373,174,199,352,168,184,2,1,1
30,97,7419,4731,2688,7418,4730,2688,2362,1543,819,2362,1543,819,945,617,328
30,55,1,0,1,0,0,0,1,0,1,2,0,2,0,0,0
30,107,12,1,11,13,2,11,14,7,7,13,5,8,30,12,18
30,31,0,0,0,0,0,0,1,1,0,0,0,0,0,0,0
30,59,0,0,0,0,0,0,2,1,1,0,0,0,5,4,1
30,73,0,0,0,0,0,0,0,0,0,0,0,0,1,1,0
30,101,6,4,2,10,5,5,0,0,0,3,3,0,0,0,0
30,153,4,2,2,1,0,1,1,0,1,7,3,4,4,3,1
30,218,1139,518,621,1165,527,638,1052,454,598,1358,614,744,629,248,381
30,104,3,0,3,2,0,2,14,8,6,13,7,6,0,0,0
30,193,2,1,1,36,23,13,20,13,7,8,2,6,3,1,2
30,12,1,1,0,0,0,0,1,1,0,0,0,0,1,1,0
30,74,1,0,1,1,0,1,54,36,18,44,34,10,4,1,3
30,145,129,64,65,143,70,73,36,16,20,20,4,16,54,32,22
30,200,1,0,1,1,0,1,7,3,4,9,2,7,8,6,2
30,8,0,0,0,0,0,0,0,0,0,1,1,0,0,0,0
30,42,0,0,0,0,0,0,0,0,0,0,0,0,0,0,0
30,37,18,11,7,96,37,59,320,75,245,181,51,130,463,242,221
30,11,291,137,154,179,84,95,480,190,290,490,250,240,326,142,184
30,96,0,0,0,0,0,0,0,0,0,0,0,0,0,0,0
30,28,0,0,0,0,0,0,70,5,65,71,5,66,29,2,27
31,64,13,9,4,8,6,2,10,6,4,5,1,4,14,1,13
31,142,2,0,2,2,1,1,9,2,7,2,1,1,3,0,3
31,191,1443,480,963,764,220,544,320,150,170,1163,604,559,1112,587,525
31,108,505,260,245,506,260,246,439,258,181,438,257,181,255,162,93
31,136,1,0,1,1,0,1,5,5,0,6,4,2,2,2,0
31,55,634,149,485,634,149,485,1298,352,946,2472,758,1714,288,131,157
31,103,534,78,456,579,306,273,1697,790,907,1483,715,768,505,178,327
31,107,14,10,4,15,10,5,26,17,9,25,16,9,60,37,23
31,211,8249,5884,2365,6606,5515,1091,13662,1049,12613,14078,786,13292,12635,2718,9917
31,18,17,7,10,16,7,9,2,1,1,3,1,2,3,0,3
31,56,577,388,189,577,388,189,2113,1299,814,1750,1143,607,2597,1580,1017
31,95,266,115,151,267,116,151,337,169,168,336,168,168,705,343,362
31,162,350,219,131,298,186,112,16,15,1,42,11,31,64,27,37
31,167,150,65,85,102,46,56,62,7,55,52,33,19,13,9,4
31,169,2409,881,1528,3595,2269,1326,1014,265,749,1641,583,1058,7204,3878,3326
31,170,1328,251,1077,1291,53,1238,1434,794,640,1584,891,693,110,65,45
31,187,428,292,136,647,427,220,175,121,54,196,135,61,382,268,114
31,216,68,24,44,43,9,34,172,115,57,84,56,28,5,4,1
31,59,221,90,131,221,91,130,1094,586,508,1093,586,507,2758,1711,1047
31,73,74,45,29,73,44,29,372,194,178,371,193,178,1107,541,566
31,96,28,13,15,28,13,15,32,15,17,32,15,17,44,23,21
31,101,316,140,176,587,283,304,561,314,247,290,74,216,42,7,35
31,114,170,78,92,170,78,92,247,220,27,241,214,27,87,75,12
31,120,4,4,0,9,7,2,31,23,8,24,17,7,12,10,2
31,153,197,101,96,221,62,159,305,73,232,963,589,374,3684,2123,1561
31,199,515,237,278,237,102,135,454,164,290,2690,1609,1081,1861,955,906
31,218,1725,701,1024,1783,723,1060,19494,9616,9878,21504,10712,10792,5699,2441,3258
31,52,138,51,87,124,47,77,21,0,21,20,0,20,2,0,2
31,83,15325,4674,10651,15700,4618,11082,17979,6168,11811,17978,6168,11810,3388,2493,895
31,104,4977,1802,3175,4977,1803,3174,23641,8350,15291,23640,8349,15291,1334,662,672
31,127,14,7,7,139,67,72,131,64,67,481,215,266,213,124,89
31,163,212,140,72,229,151,78,2207,1104,1103,1737,855,882,446,129,317
31,182,745,213,532,319,75,244,16,14,2,26,8,18,27,10,17
31,188,10,5,5,11,4,7,36,22,14,393,242,151,695,423,272
31,193,875,472,403,1719,939,780,82548,46157,36391,58835,29749,29086,14945,11346,3599
31,204,69,29,40,68,28,40,26,11,15,26,11,15,82,33,49
31,12,1111,575,536,1111,576,535,1282,422,860,1282,423,859,2281,1030,1251
31,19,67,32,35,38,22,16,3112,1564,1548,8979,4655,4324,13310,6921,6389
31,74,304,45,259,304,46,258,3210,1200,2010,3073,1310,1763,1331,522,809
31,80,3069,1188,1881,3068,1187,1881,34304,15140,19164,34304,15140,19164,3509,1649,1860
31,119,3,3,0,3,3,0,14,11,3,14,10,4,2,0,2
31,121,26,7,19,28,8,20,238,80,158,242,80,162,304,110,194
31,145,390,138,252,433,153,280,1461,419,1042,10301,5350,4951,5302,2317,2985
31,200,628,257,371,641,267,374,637,118,519,951,114,837,887,547,340
31,14,0,0,0,0,0,0,10,7,3,9,7,2,2,2,0
31,53,71,35,36,72,35,37,1,0,1,13,3,10,14,5,9
31,62,40,19,21,39,18,21,182,100,82,184,101,83,4,2,2
31,50,2,0,2,17,7,10,19,9,10,35,16,19,3,1,2
31,133,122,48,74,131,53,78,54,27,27,22,13,9,2,1,1
31,148,18,6,12,9,1,8,7,2,5,3,1,2,4,2,2
31,157,19,13,6,22,14,8,4,4,0,4,2,2,11,7,4
31,8,179,151,28,178,149,29,162,68,94,162,67,95,1,0,1
31,24,0,0,0,2,1,1,3,3,0,2,2,0,3,1,2
31,28,63,19,44,63,19,44,22,16,6,25,17,8,48,24,24
31,42,13,1,12,13,2,11,17,6,11,18,7,11,38,20,18
31,46,3,1,2,1,0,1,1,1,0,10,5,5,6,4,2
31,63,8,3,5,8,4,4,14,7,7,39,17,22,60,27,33
31,160,6,4,2,8,5,3,9,5,4,4,3,1,5,4,1
31,225,2,1,1,2,2,0,5,3,2,7,5,2,8,4,4
31,37,3215,1544,1671,3360,1614,1746,3536,1805,1731,4317,2207,2110,2034,1001,1033
31,84,3,0,3,6,5,1,4,3,1,8,5,3,3,1,2
31,220,12818,6667,6151,13693,7150,6543,11757,6206,5551,12333,5936,6397,6010,2989,3021
31,11,710,336,374,565,257,308,400,60,340,250,40,210,388,173,215
31,70,1,1,0,2,1,1,7,4,3,4,3,1,2,2,0
31,68,0,0,0,0,0,0,0,0,0,78,50,28,6,4,2
31,137,0,0,0,0,0,0,0,0,0,70,57,13,8,7,1
32,77,422,254,168,718,431,287,313,189,124,504,305,199,411,243,168
32,64,16,14,2,11,9,2,9,8,1,5,4,1,12,9,3
32,142,5,2,3,6,4,2,20,9,11,3,1,2,6,2,4
32,21,2091,1248,843,2090,1248,842,1531,986,545,1531,987,544,1465,952,513
32,51,186477,101312,85165,2829,934,1895,45211,25616,19595,84324,47676,36648,47726,26621,21105
32,81,3606,1732,1874,4925,1150,3775,18870,12164,6706,16614,8898,7716,9026,5638,3388
32,89,73,69,4,46,27,19,490,243,247,602,310,292,192,109,83
32,117,9,9,0,10,8,2,150,52,98,8,5,3,13,13,0
32,126,2803,1373,1430,86,10,76,2035,965,1070,24,20,4,1748,856,892
32,149,4360,2343,2017,4476,2407,2069,331,175,156,302,155,147,258,138,120
32,184,1,1,0,1,1,0,1,0,1,1,1,0,1,1,0
32,206,775,427,348,1873,1431,442,3110,1462,1648,428,122,306,1526,831,695
32,31,2,1,1,1,1,0,3,2,1,2,1,1,2,2,0
32,56,1,1,0,1,1,0,5,3,2,4,2,2,4,3,1
32,170,43,12,31,24,2,22,73,38,35,83,43,40,9,4,5
32,59,10,7,3,9,6,3,18,7,11,17,7,10,45,29,16
32,73,1,0,1,0,0,0,3,3,0,3,3,0,7,7,0
32,96,0,0,0,0,0,0,1,1,0,0,0,0,0,0,0
32,101,3,2,1,6,5,1,0,0,0,2,2,0,0,0,0
32,153,9,9,0,1,1,0,4,4,0,8,7,1,9,7,2
32,199,5,3,2,3,2,1,15,6,9,23,10,13,12,9,3
32,218,40,23,17,42,23,19,53,27,26,65,34,31,25,13,12
32,83,1,1,0,1,0,1,37,35,2,37,35,2,2,2,0
32,104,2243,1383,860,2242,1382,860,3395,2637,758,3394,2636,758,124,61,63
32,193,86,52,34,165,102,63,254,222,32,574,398,176,54,9,45
32,12,9,6,3,8,5,3,10,5,5,10,5,5,17,9,8
32,19,1,1,0,9,5,4,117,65,52,121,46,75,406,254,152
32,74,124,38,86,124,38,86,2893,1387,1506,1109,676,433,660,333,327
32,80,733,679,54,733,679,54,533,400,133,532,400,132,51,35,16
32,145,42,26,16,48,28,20,103,67,36,52,29,23,39,19,20
32,200,111,66,45,114,67,47,54,18,36,64,4,60,96,71,25
32,8,1,0,1,1,0,1,6,1,5,7,1,6,0,0,0
32,42,0,0,0,0,0,0,0,0,0,2,1,1,1,1,0
32,37,140,67,73,144,69,75,471,273,198,518,300,218,154,85,69
32,11,15,9,6,15,9,6,0,0,0,10,10,0,11,0,11
32,28,0,0,0,0,0,0,12,5,7,13,6,7,5,2,3
33,67,523,283,240,522,282,240,316,162,154,318,163,155,17,14,3
33,69,6,5,1,10,7,3,6,6,0,3,0,3,8,4,4
33,109,48,24,24,10,10,0,1908,985,923,2211,1052,1159,89,52,37
33,123,5191,2950,2241,219,126,93,267,153,114,96,56,40,64,37,27
33,171,13172,7029,6143,16697,9146,7551,12655,6534,6121,3831,1751,2080,430,235,195
33,215,1553,1224,329,33274,20846,12428,1445,687,758,3193,1643,1550,24315,12486,11829
33,219,78434,40606,37828,298025,155192,142833,147751,6050,141701,348909,246662,102247,24910,12794,12116
33,230,261,133,128,1535,860,675,2049,968,1081,602,279,323,229,151,78
33,58,108255,54018,54237,91766,45747,46019,728,357,371,4398,1338,3060,1376,3,1373
33,77,10,5,5,18,11,7,7,4,3,12,8,4,10,6,4
33,64,11,10,1,9,8,1,5,5,0,3,3,0,7,6,1
33,142,26,14,12,38,23,15,107,66,41,15,8,7,33,19,14
33,191,787,475,312,216,119,97,1726,505,1221,1482,739,743,498,241,257
33,198,22,12,10,74,35,39,45,19,26,42,18,24,29,19,10
33,55,1,1,0,0,0,0,1,1,0,2,2,0,0,0,0
33,31,3,2,1,2,1,1,3,1,2,3,1,2,3,3,0
33,56,0,0,0,0,0,0,2,2,0,2,2,0,2,0,2
33,170,15,4,11,13,1,12,32,10,22,29,8,21,3,3,0
33,59,109,49,60,109,50,59,144,57,87,144,58,86,25,14,11
33,73,1,0,1,1,0,1,19,11,8,18,11,7,19,7,12
33,101,16,7,9,31,17,14,4,2,2,9,7,2,1,0,1
33,114,0,0,0,0,0,0,1,1,0,0,0,0,0,0,0
33,153,3,3,0,55,28,27,386,192,194,453,197,256,133,64,69
33,199,12,6,6,6,3,3,1188,572,616,1328,612,716,335,164,171
33,218,826,359,467,846,367,479,1046,435,611,1292,561,731,529,197,332
33,83,46,19,27,47,19,28,12,6,6,11,5,6,5,4,1
33,104,226,75,151,226,75,151,227,127,100,227,127,100,20,10,10
33,193,3,2,1,95,60,35,53,34,19,51,20,31,10,2,8
33,12,7,4,3,7,5,2,8,4,4,8,5,3,14,9,5
33,19,78,30,48,65,25,40,774,355,419,481,243,238,663,359,304
33,74,44,8,36,43,7,36,62,48,14,232,62,170,141,57,84
33,80,98,47,51,98,47,51,124,46,78,124,47,77,23,12,11
33,145,104,53,51,118,60,58,1267,736,531,1035,429,606,412,263,149
33,200,50,25,25,52,26,26,39,6,33,75,13,62,86,58,28
33,62,1,0,1,0,0,0,0,0,0,1,0,1,0,0,0
33,24,1,0,1,0,0,0,0,0,0,1,0,1,0,0,0
33,42,8,3,5,9,4,5,0,0,0,0,0,0,1,1,0
33,37,900,433,467,934,450,484,2051,1026,1025,2314,1161,1153,786,386,400
33,11,8,5,3,7,4,3,440,220,220,1440,710,730,272,154,118
33,28,0,0,0,0,0,0,10,10,0,11,11,0,4,4,0
34,140,1423,802,621,922,445,477,507,150,357,528,234,294,252,104,148
34,5,578,231,347,577,230,347,1385,619,766,1384,619,765,2966,1399,1567
34,179,907,605,302,855,438,417,532,267,265,418,205,213,175,85,90
34,51,32,16,16,18,10,8,8,5,3,1,0,1,11,6,5
34,89,14,13,1,9,4,5,99,34,65,121,44,77,38,17,21
34,90,111,53,58,110,52,58,27,14,13,28,15,13,31,9,22
34,184,1,1,0,1,1,0,1,0,1,1,1,0,0,0,0
34,206,2,1,1,2,1,1,2,1,1,11,6,5,4,2,2
34,161,4,1,3,5,3,2,56,56,0,61,61,0,3,3,0
34,31,1,0,1,1,1,0,2,1,1,1,1,0,0,0,0
34,56,2,1,1,2,1,1,2,1,1,2,2,0,2,1,1
34,170,4,1,3,3,0,3,1,0,1,1,1,0,0,0,0
34,59,7,3,4,6,2,4,4,1,3,3,1,2,3,1,2
34,73,1,0,1,1,0,1,2,2,0,2,2,0,5,4,1
34,96,9,4,5,9,5,4,3,1,2,2,1,1,7,6,1
34,101,1,1,0,3,2,1,0,0,0,1,1,0,0,0,0
34,114,0,0,0,0,0,0,0,0,0,0,0,0,1,1,0
34,153,4,2,2,67,43,24,19,7,12,130,66,64,9,8,1
34,199,43,18,25,20,8,12,34,19,15,23,9,14,29,21,8
34,218,135,58,77,139,59,80,381,158,223,439,186,253,140,51,89
34,83,1,0,1,1,0,1,10,6,4,10,6,4,0,0,0
34,104,1399,259,1140,1401,260,1141,561,258,303,561,259,302,167,83,84
34,163,6516,3030,3486,8006,3865,4141,8307,3305,5002,1431,963,468,5123,1170,3953
34,193,254,116,138,913,405,508,802,333,469,1256,571,685,140,97,43
34,12,3,1,2,3,2,1,4,1,3,3,1,2,6,3,3
34,19,0,0,0,4,2,2,27,11,16,11,11,0,32,17,15
34,74,529,96,433,529,96,433,764,444,320,2428,769,1659,1684,699,985
34,121,130,30,100,144,37,107,188,43,145,174,37,137,559,305,254
34,145,1345,601,744,1666,749,917,609,168,441,264,29,235,259,82,177
34,200,203,131,72,209,136,73,142,40,102,208,17,191,317,226,91
34,62,1,0,1,0,0,0,0,0,0,1,0,1,0,0,0
34,8,1,0,1,1,0,1,12,4,8,13,5,8,0,0,0
34,24,1,0,1,1,0,1,54,19,35,54,20,34,18,6,12
34,42,2,1,1,2,1,1,0,0,0,2,1,1,1,1,0
34,37,135,65,70,139,66,73,76,32,44,61,25,36,22,12,10
34,220,5708,2702,3006,6530,3116,3414,2560,1266,1294,2918,1071,1847,3144,1387,1757
34,11,10,7,3,10,7,3,20,20,0,10,10,0,10,10,0
34,28,0,0,0,0,0,0,592,263,329,592,263,329,242,108,134
35,106,290,105,185,300,112,188,770,339,431,152,53,99,415,176,239
35,166,17,13,4,24,18,6,4504,2402,2102,6307,3237,3070,19850,15242,4608
35,113,36,22,14,165,78,87,78,24,54,54,32,22,58,30,28
35,124,1023,575,448,1209,670,539,4735,2825,1910,5805,3545,2260,608,520,88
35,161,4141,2100,2041,3201,1643,1558,77,39,38,71,38,33,1,0,1
35,203,29192,14332,14860,50434,23488,26946,215831,97748,118083,242295,114148,128147,193764,97503,96261
35,226,13250,7460,5790,18455,9693,8762,13588,7806,5782,429,293,136,938,550,388
35,16,266,227,39,265,227,38,2560,2201,359,2560,2201,359,1067,935,132
35,55,0,0,0,0,0,0,0,0,0,0,0,0,0,0,0
35,31,2,0,2,1,0,1,2,0,2,2,0,2,2,1,1
35,56,2,1,1,2,1,1,7,5,2,5,3,2,7,3,4
35,95,7,4,3,7,4,3,12,7,5,11,6,5,13,5,8
35,162,5,3,2,3,2,1,3,2,1,3,3,0,2,2,0
35,170,47,5,42,46,2,44,17,11,6,19,14,5,2,2,0
35,59,40,17,23,39,16,23,33,11,22,33,11,22,43,15,28
35,73,11,3,8,10,3,7,75,31,44,75,31,44,98,27,71
35,96,1,1,0,0,0,0,1,0,1,1,1,0,3,2,1
35,101,3,1,2,7,2,5,1,1,0,2,2,0,0,0,0
35,114,0,0,0,0,0,0,0,0,0,0,0,0,0,0,0
35,153,48,24,24,18,6,12,51,26,25,104,39,65,76,13,63
35,199,48,21,27,22,9,13,59,12,47,111,37,74,101,43,58
35,218,288,117,171,295,118,177,204,68,136,278,103,175,142,45,97
35,83,3,1,2,3,1,2,6,3,3,6,3,3,0,0,0
35,104,126,46,80,125,46,79,515,339,176,515,340,175,20,10,10
35,193,3,2,1,95,55,40,53,31,22,32,6,26,19,3,16
35,12,68,35,33,67,35,32,78,26,52,78,27,51,139,63,76
35,19,1,1,0,5,2,3,55,14,41,17,1,16,43,2,41
35,74,2238,561,1677,2238,561,1677,15056,8095,6961,95,14,81,4784,2222,2562
35,80,400,238,162,401,239,162,870,344,526,870,345,525,90,41,49
35,145,123,56,67,138,62,76,112,29,83,44,15,29,60,19,41
35,200,79,43,36,87,50,37,185,44,141,296,36,260,387,267,120
35,62,13,5,8,13,6,7,14,7,7,15,8,7,6,3,3
35,50,0,0,0,0,0,0,1,0,1,2,0,2,0,0,0
35,8,1,1,0,1,0,1,12,8,4,12,7,5,0,0,0
35,24,0,0,0,0,0,0,0,0,0,0,0,0,0,0,0
35,42,1,0,1,1,0,1,1,0,1,1,0,1,3,2,1
35,37,564,233,331,987,440,547,1781,662,1119,3017,1275,1742,2772,1284,1488
35,220,6510,3470,3040,11635,6064,5571,6303,3323,2980,8059,2425,5634,15699,7004,8695
35,11,2659,1100,1559,1680,506,1174,2650,970,1680,4110,1640,2470,3960,1680,2280
35,147,539,343,196,1068,571,497,957,461,496,663,316,347,563,266,297
35,146,76,32,44,77,32,45,41,21,20,42,22,20,36,18,18
35,28,0,0,0,0,0,0,13,7,6,14,7,7,6,3,3
35,68,0,0,0,0,0,0,0,0,0,4,0,4,0,0,0
36,230,3,3,0,5,4,1,48,40,8,177,74,103,649,320,329
36,40,2681,1425,1256,2680,1425,1255,11197,8169,3028,4634,1933,2701,7148,3670,3478
36,48,539,239,300,1611,843,768,2044,761,1283,4932,2845,2087,2798,1525,1273
36,66,66,43,23,65,42,23,153,104,49,152,103,49,160,110,50
36,77,3054,1512,1542,5205,2580,2625,2266,1133,1133,3650,1829,1821,2981,1444,1537
36,64,26,25,1,17,17,0,18,16,2,9,7,2,22,15,7
36,210,0,0,0,0,0,0,0,0,0,555,286,269,163,85,78
36,142,8,6,2,11,10,1,33,27,6,5,4,1,10,8,2
36,191,867,519,348,458,261,197,246,151,95,812,535,277,673,462,211
36,81,4,2,2,7,3,4,28,20,8,1,0,1,18,13,5
36,126,26,15,11,51,28,23,1746,963,783,1771,974,797,321,173,148
36,130,33,28,5,36,24,12,13,8,5,7,5,2,3,2,1
36,149,64,24,40,68,26,42,7,3,4,7,2,5,6,3,3
36,150,142,43,99,559,272,287,3591,1963,1628,6102,3333,2769,6257,3398,2859
36,181,38,11,27,83,53,30,60,41,19,101,63,38,26,11,15
36,206,42,26,16,47,29,18,53,33,20,143,101,42,78,50,28
36,55,6,3,3,6,3,3,12,6,6,23,13,10,3,3,0
36,31,2,2,0,1,1,0,2,2,0,2,2,0,8,7,1
36,56,1,1,0,1,1,0,41,33,8,38,31,7,13,11,2
36,95,65,46,19,65,46,19,33,25,8,32,24,8,49,37,12
36,162,3,2,1,3,2,1,13,11,2,15,12,3,1,1,0
36,169,0,0,0,0,0,0,0,0,0,0,0,0,58,47,11
36,170,148,17,131,142,3,139,76,56,20,84,64,20,6,4,2
36,59,53,34,19,53,35,18,211,128,83,210,128,82,154,100,54
36,73,9,7,2,9,7,2,262,171,91,262,171,91,358,216,142
36,96,1,1,0,0,0,0,1,1,0,1,1,0,2,0,2
36,101,118,47,71,220,97,123,28,14,14,66,44,22,7,0,7
36,114,0,0,0,0,0,0,0,0,0,1,1,0,1,1,0
36,153,28,11,17,48,31,17,171,103,68,181,96,85,137,60,77
36,199,16,10,6,8,5,3,490,368,122,768,480,288,144,50,94
36,218,1322,625,697,1352,638,714,3085,1494,1591,3591,1772,1819,1208,518,690
36,83,120,58,62,126,59,67,19,13,6,19,14,5,18,14,4
36,104,1607,833,774,1607,834,773,3994,2077,1917,3993,2077,1916,198,98,100
36,163,19,11,8,22,12,10,11,10,1,7,3,4,6,2,4
36,188,0,0,0,1,1,0,0,0,0,6,6,0,13,12,1
36,193,257,159,98,554,334,220,2082,1349,733,2539,1646,893,682,589,93
36,12,47,32,15,46,31,15,53,29,24,53,30,23,95,61,34
36,19,48,29,19,13,7,6,1789,853,936,3875,1831,2044,4990,2765,2225
36,74,1192,223,969,1191,222,969,24539,9314,15225,11371,1820,9551,6139,2201,3938
36,80,3412,2168,1244,3411,2167,1244,5117,2371,2746,5116,2371,2745,663,370,293
36,121,3,0,3,2,1,1,8,1,7,6,1,5,22,10,12
36,145,203,100,103,225,108,117,917,525,392,163,22,141,50,11,39
36,200,1310,579,731,1324,591,733,594,77,517,1090,194,896,1081,685,396
36,62,1,1,0,0,0,0,9,3,6,9,4,5,1,0,1
36,50,2,1,1,1,1,0,2,1,1,4,2,2,0,0,0
36,133,0,0,0,1,0,1,15,13,2,18,15,3,8,5,3
36,24,1,1,0,0,0,0,4,4,0,4,4,0,2,2,0
36,42,6,4,2,6,3,3,1,0,1,2,1,1,2,1,1
36,63,2,1,1,2,2,0,3,2,1,9,7,2,14,10,4
36,37,973,468,505,1003,483,520,3114,1709,1405,3438,1885,1553,1038,549,489
36,220,4152,2292,1860,4452,2467,1985,8345,4637,3708,8592,4527,4065,12540,6779,5761
36,11,13,12,1,15,14,1,80,50,30,140,90,50,151,103,48
36,28,0,0,0,0,0,0,69,40,29,69,40,29,28,16,12
36,68,0,0,0,0,0,0,0,0,0,2,2,0,0,0,0
37,131,9,1,8,7,3,4,4,1,3,2,1,1,4,3,1
37,215,2,2,0,181,90,91,2,1,1,1,1,0,2,1,1
37,219,50,30,20,13,8,5,28,18,10,7,4,3,12,9,3
37,230,39,18,21,31,14,17,20,10,10,23,9,14,25,20,5
37,39,138,70,68,124,63,61,66,33,33,2,1,1,27,14,13
37,77,18,10,8,30,16,14,13,7,6,21,11,10,17,9,8
37,64,51,14,37,82,31,51,88,62,26,44,14,30,111,16,95
37,118,563,338,225,589,368,221,369,291,78,217,156,61,322,207,115
37,27,8,5,3,2,0,2,104,50,54,104,49,55,103,47,56
37,142,13,5,8,18,8,10,52,23,29,8,3,5,16,6,10
37,191,585,99,486,259,162,97,464,214,250,1682,858,824,1611,836,775
37,198,0,0,0,8,3,5,3,1,2,4,2,2,4,2,2
37,81,16,8,8,17,0,17,67,36,31,9,4,5,43,22,21
37,89,45,42,3,28,14,14,303,111,192,372,145,227,118,54,64
37,90,11,5,6,10,5,5,2,1,1,2,1,1,3,1,2
37,117,6,5,1,7,5,2,131,51,80,58,47,11,14,6,8
37,130,5,4,1,5,3,2,2,1,1,2,1,1,2,1,1
37,184,1,1,0,1,1,0,1,0,1,1,1,0,1,1,0
37,206,2,2,0,3,3,0,3,3,0,16,7,9,6,4,2
37,202,15,3,12,10,1,9,9,6,3,8,3,5,2,1,1
37,43,1229,718,511,1230,719,511,707,674,33,708,675,33,1131,886,245
37,44,3430,1917,1513,3429,1917,1512,476,320,156,440,300,140,487,92,395
37,57,30,16,14,30,16,14,46,27,19,46,28,18,30,18,12
37,106,2415,1015,1400,2764,1145,1619,662,367,295,568,201,367,923,449,474
37,136,4,3,1,4,3,1,42,36,6,51,43,8,8,4,4
37,166,1305,778,527,1885,1163,722,3648,3404,244,6561,5525,1036,2283,1262,1021
37,35,33,16,17,32,16,16,19,9,10,19,9,10,5,2,3
37,98,97,49,48,97,49,48,891,478,413,955,463,492,148,87,61
37,161,469,283,186,775,445,330,1721,955,766,1887,1018,869,85,50,35
37,185,99,52,47,180,90,90,1343,685,658,1475,753,722,886,457,429
37,203,91,44,47,81,57,24,134,92,42,78,52,26,89,59,30
37,226,51,31,20,124,81,43,343,221,122,661,396,265,249,148,101
37,23,3,2,1,3,1,2,6,3,3,6,3,3,2,1,1
37,97,2232,1006,1226,2233,1006,1227,153,79,74,153,78,75,61,31,30
37,125,34,14,20,32,18,14,12,3,9,14,9,5,28,24,4
37,194,29,24,5,30,18,12,61,20,41,125,67,58,4,3,1
37,55,155,66,89,155,66,89,318,144,174,604,289,315,70,42,28
37,103,889,393,496,572,281,291,781,396,385,866,429,437,247,95,152
37,107,78,43,35,77,44,33,176,126,50,163,113,50,391,268,123
37,211,490,233,257,494,233,261,40,4,36,41,3,38,35,7,28
37,18,38,8,30,37,8,29,6,2,4,6,2,4,7,2,5
37,31,47,26,21,47,26,21,64,37,27,57,34,23,242,115,127
37,56,60,36,24,60,36,24,168,98,70,135,88,47,267,157,110
37,95,598,313,285,598,313,285,334,186,148,334,186,148,256,145,111
37,162,320,184,136,273,155,118,687,383,304,760,413,347,110,42,68
37,170,16,9,7,17,3,14,85,55,30,77,50,27,11,6,5
37,187,104,53,51,144,71,73,36,20,16,39,22,17,77,44,33
37,59,344,195,149,343,194,149,344,156,188,343,155,188,254,109,145
37,68,16,8,8,15,8,7,27,19,8,27,20,7,8,5,3
37,70,3,2,1,1,0,1,3,0,3,6,3,3,1,1,0
37,73,55,36,19,56,36,20,264,154,110,264,154,110,468,195,273
37,96,25,13,12,25,13,12,21,16,5,20,15,5,49,19,30
37,101,942,441,501,1663,837,826,1485,683,802,750,35,715,112,8,104
37,102,15,7,8,14,6,8,34,11,23,31,9,22,8,4,4
37,114,22,12,10,23,12,11,32,21,11,29,17,12,24,14,10
37,120,8,4,4,17,9,8,8,2,6,13,7,6,5,3,2
37,153,9,7,2,121,47,74,110,69,41,448,238,210,232,132,100
37,199,335,167,168,154,72,82,271,140,131,549,249,300,511,239,272
37,218,2722,965,1757,3838,1377,2461,1385,429,956,6279,2473,3806,9494,3465,6029
37,1,93,74,19,93,75,18,209,147,62,208,168,40,84,68,16
37,52,43,19,24,59,2,57,293,143,150,292,142,150,6,1,5
37,83,1266,917,349,1045,936,109,261,45,216,260,45,215,552,414,138
37,104,1954,552,1402,1954,551,1403,9628,4634,4994,9628,4635,4993,500,248,252
37,127,237,127,110,31,25,6,84,50,34,180,100,80,354,198,156
37,163,1395,644,751,1626,766,860,187,92,95,1053,490,563,627,144,483
37,182,18,10,8,240,128,112,382,201,181,14,8,6,15,9,6
37,188,28,12,16,27,13,14,136,72,64,70,28,42,61,27,34
37,193,406,201,205,1543,765,778,776,309,467,737,330,407,716,273,443
37,12,180,101,79,179,100,79,208,80,128,208,81,127,370,185,185
37,19,384,173,211,329,149,180,291,64,227,243,158,85,370,126,244
37,74,534,97,437,534,98,436,5073,2476,2597,1133,65,1068,1944,809,1135
37,80,1203,414,789,1203,414,789,3696,1838,1858,3696,1839,1857,656,317,339
37,121,12,6,6,9,5,4,28,7,21,25,7,18,83,48,35
37,145,700,280,420,951,393,558,705,247,458,339,164,175,596,281,315
37,200,833,580,253,862,606,256,990,251,739,1426,127,1299,1843,1260,583
37,6,33,7,26,33,8,25,14,3,11,10,3,7,8,2,6
37,7,69,33,36,69,34,35,26,12,14,26,13,13,26,12,14
37,14,310,195,115,311,196,115,68,58,10,69,58,11,121,61,60
37,17,61,33,28,62,33,29,70,30,40,65,27,38,33,15,18
37,25,56,33,23,56,33,23,10,6,4,97,50,47,10,7,3
37,29,22,8,14,21,7,14,24,10,14,23,9,14,24,10,14
37,38,486,253,233,487,253,234,61,47,14,58,46,12,17,9,8
37,53,33,21,12,33,21,12,0,0,0,6,3,3,6,3,3
37,61,21,10,11,17,9,8,24,12,12,29,16,13,26,13,13
37,62,395,151,244,394,151,243,1590,720,870,1609,729,880,64,36,28
37,85,60,47,13,60,47,13,10,7,3,10,7,3,2,2,0
37,86,66,29,37,66,29,37,75,33,42,74,32,42,18,6,12
37,92,111,60,51,111,61,50,153,81,72,153,82,71,146,77,69
37,105,137,91,46,137,91,46,36,15,21,36,14,22,29,15,14
37,138,12,6,6,11,5,6,1,1,0,1,0,1,2,1,1
37,164,13,7,6,15,8,7,57,28,29,81,40,41,2,0,2
37,174,36,17,19,54,27,27,33,17,16,13,6,7,13,6,7
37,176,5,3,2,6,4,2,3,2,1,6,5,1,2,1,1
37,186,0,0,0,0,0,0,18,9,9,19,9,10,1,0,1
37,209,89,43,46,73,40,33,69,32,37,700,386,314,61,45,16
37,213,122,64,58,122,63,59,21,14,7,21,13,8,14,11,3
37,20,27,15,12,28,15,13,109,52,57,108,51,57,114,53,61
37,50,56,28,28,320,176,144,370,214,156,683,387,296,56,28,28
37,65,129,59,70,130,59,71,7,0,7,9,1,8,10,5,5
37,88,74,32,42,73,31,42,47,47,0,49,48,1,52,36,16
37,94,8,5,3,7,5,2,5,1,4,5,1,4,7,5,2
37,133,1963,1045,918,2182,1167,1015,1003,560,443,1960,1054,906,3913,2007,1906
37,148,38,20,18,33,17,16,39,20,19,15,9,6,18,10,8
37,157,140,76,64,158,83,75,528,318,210,574,350,224,268,153,115
37,8,157,92,65,157,93,64,291,137,154,291,136,155,2,1,1
37,24,37,12,25,56,22,34,242,139,103,245,140,105,195,92,103
37,28,143,59,84,143,59,84,171,170,1,164,156,8,321,215,106
37,42,379,201,178,379,202,177,342,93,249,342,93,249,722,329,393
37,46,49,32,17,49,33,16,12,7,5,137,85,52,66,41,25
37,63,83,38,45,82,38,44,175,97,78,464,210,254,731,344,387
37,91,55,29,26,55,29,26,70,37,33,69,37,32,59,31,28
37,159,581,490,91,576,482,94,122,78,44,116,76,40,56,37,19
37,160,111,61,50,129,67,62,152,79,73,87,47,40,91,49,42
37,222,38,33,5,34,30,4,56,15,41,43,10,33,48,13,35
37,225,14,5,9,13,2,11,52,22,30,55,24,31,65,27,38
37,22,186,164,22,188,165,23,153,40,113,154,41,113,30,18,12
37,84,2,0,2,7,4,3,12,8,4,13,10,3,4,4,0
37,175,18,14,4,15,4,11,18,11,7,25,9,16,6,2,4
37,220,22291,8178,14113,53650,20196,33454,6001,1800,4201,21376,6873,14503,16175,3607,12568
37,11,464,164,300,2324,1001,1323,6030,2790,3240,8270,3620,4650,9494,4286,5208
37,147,672,251,421,325,311,14,1038,499,539,749,356,393,600,281,319
37,158,30,19,11,92,41,51,6,3,3,42,27,15,5,4,1
37,76,11,7,4,9,5,4,6,5,1,5,2,3,7,4,3
37,177,1,0,1,1,1,0,2,1,1,1,1,0,0,0,0
37,36,0,0,0,0,0,0,179,91,88,36,15,21,20,13,7
37,137,0,0,0,0,0,0,0,0,0,66,9,57,3,1,2
37,54,0,0,0,0,0,0,0,0,0,83,54,29,7,5,2
38,31,1,1,0,0,0,0,1,0,1,0,0,0,1,0,1
38,73,0,0,0,0,0,0,0,0,0,0,0,0,0,0,0
38,101,8,3,5,16,8,8,2,1,1,5,4,1,1,1,0
38,218,441,177,264,452,180,272,151,55,96,78,20,58,100,40,60
38,83,3,2,1,2,2,0,5,2,3,5,1,4,0,0,0
38,14,2,1,1,4,2,2,6,3,3,6,3,3,2,1,1
38,174,2,1,1,2,1,1,0,0,0,0,0,0,0,0,0
38,50,2,1,1,0,0,0,2,2,0,4,4,0,0,0,0
38,94,2,1,1,1,1,0,1,0,1,2,1,1,2,1,1
38,42,8,3,5,8,2,6,0,0,0,2,1,1,1,1,0
38,37,5,3,2,2,2,0,141,73,68,154,80,74,45,23,22
38,11,2,0,2,1,0,1,20,10,10,40,30,10,35,13,22
39,192,0,0,0,0,0,0,0,0,0,5166,2857,2309,592,207,385
39,40,698,371,327,698,371,327,54047,23715,30332,11701,4881,6820,18048,9267,8781
39,48,1228,75,1153,4401,1590,2811,1625,730,895,9981,6201,3780,8095,3531,4564
39,64,6,6,0,6,4,2,8,6,2,4,2,2,10,2,8
39,196,360,204,156,368,209,159,2132,1076,1056,4707,2500,2207,2575,1289,1286
39,191,45,30,15,23,16,7,9,7,2,36,28,8,26,21,5
39,126,12,6,6,24,12,12,834,416,418,846,419,427,153,74,79
39,206,22,12,10,25,14,11,28,15,13,79,51,28,42,24,18
39,55,2,1,1,1,0,1,3,1,2,6,2,4,1,1,0
39,56,2,1,1,0,0,0,0,0,0,1,0,1,0,0,0
39,95,1,0,1,1,0,1,1,1,0,2,1,1,1,0,1
39,170,5,3,2,5,1,4,19,5,14,20,6,14,1,0,1
39,59,1,0,1,0,0,0,4,1,3,4,2,2,2,1,1
39,73,1,1,0,1,1,0,2,1,1,0,0,0,1,1,0
39,101,3,1,2,5,2,3,0,0,0,1,0,1,0,0,0
39,114,0,0,0,1,1,0,1,0,1,0,0,0,1,1,0
39,199,2,1,1,1,0,1,44,20,24,25,13,12,29,20,9
39,218,127,42,85,130,42,88,82,28,54,64,20,44,18,6,12
39,83,24,7,17,25,6,19,156,83,73,155,82,73,17,13,4
39,104,29,17,12,28,17,11,88,50,38,87,49,38,4,2,2
39,188,13,8,5,15,8,7,40,22,18,3,1,2,33,19,14
39,193,7,4,3,221,126,95,125,72,53,26,13,13,20,19,1
39,12,2,1,1,2,2,0,3,2,1,2,1,1,4,3,1
39,19,1,1,0,2,1,1,32,18,14,10,10,0,29,18,11
39,74,275,67,208,274,67,207,5559,2739,2820,856,264,592,1263,581,682
39,145,6,3,3,9,3,6,14,8,6,14,4,10,3,1,2
39,200,13,13,0,14,12,2,11,2,9,20,2,18,30,22,8
39,62,1,0,1,0,0,0,61,41,20,60,40,20,7,4,3
39,50,1,1,0,0,0,0,1,1,0,2,2,0,0,0,0
39,24,0,0,0,0,0,0,28,22,6,28,22,6,9,7,2
39,42,3,2,1,3,2,1,0,0,0,0,0,0,3,2,1
39,37,78,38,40,81,39,42,83,30,53,99,38,61,42,18,24
39,11,3,3,0,3,3,0,0,0,0,0,0,0,0,0,0
39,36,0,0,0,0,0,0,14607,6558,8049,83106,41798,41308,104244,42316,61928
39,28,0,0,0,0,0,0,5,0,5,6,3,3,2,0,2
39,68,0,0,0,0,0,0,0,0,0,1,1,0,0,0,0
39,58,0,0,0,0,0,0,0,0,0,0,0,0,73094,38331,34763
40,192,0,0,0,0,0,0,0,0,0,5327,3064,2263,259,58,201
40,5,2,0,2,2,1,1,5,2,3,5,2,3,10,4,6
40,36,6653,3410,3243,6653,3410,3243,11322,2782,8540,14473,6468,8005,7436,4851,2585
40,39,3159,1842,1317,2014,1203,811,3574,1995,1579,121,64,57,1459,849,610
40,48,504,265,239,1506,895,611,1911,890,1021,4611,2950,1661,2616,1603,1013
40,77,273,164,109,465,279,186,203,123,80,326,198,128,266,157,109
40,64,41,29,12,20,16,4,46,35,11,23,11,12,58,19,39
40,118,127,75,52,113,60,53,105,85,20,67,52,15,97,70,27
40,196,66357,32414,33943,57192,27921,29271,8327,4308,4019,9740,5213,4527,3312,1169,2143
40,21,7,5,2,7,5,2,108,64,44,107,63,44,103,61,42
40,81,0,0,0,1,1,0,4,3,1,0,0,0,2,1,1
40,130,5,4,1,5,3,2,2,1,1,2,1,1,2,1,1
40,149,366,220,146,357,215,142,13,7,6,12,6,6,11,6,5
40,150,154,46,108,606,295,311,3896,2130,1766,6620,3616,3004,6788,3686,3102
40,206,43,29,14,48,32,16,54,36,18,146,106,40,80,55,25
40,15,14,9,5,15,9,6,87,57,30,145,97,48,29,18,11
40,107,14,10,4,14,10,4,14,13,1,13,11,2,31,26,5
40,111,173,82,91,98,93,5,63,29,34,278,173,105,169,48,121
40,165,2478,611,1867,2789,79,2710,4015,2529,1486,1919,779,1140,151,114,37
40,217,298,218,80,378,270,108,355,203,152,2399,1699,700,474,316,158
40,31,1,1,0,1,1,0,1,0,1,1,1,0,0,0,0
40,56,1,1,0,1,1,0,2,1,1,1,1,0,0,0,0
40,95,2,1,1,1,1,0,0,0,0,0,0,0,4,3,1
40,170,30,4,26,29,1,28,21,20,1,20,19,1,3,3,0
40,187,35,12,23,48,16,32,12,5,7,13,6,7,25,12,13
40,59,1,1,0,0,0,0,7,5,2,6,4,2,3,2,1
40,73,1,1,0,1,1,0,2,1,1,2,2,0,3,1,2
40,101,3,2,1,7,5,2,0,0,0,2,1,1,0,0,0
40,153,2,2,0,2,2,0,9,6,3,7,6,1,2,1,1
40,199,4,3,1,2,1,1,11,8,3,15,9,6,12,7,5
40,218,76,55,21,79,57,22,65,24,41,86,37,49,40,21,19
40,83,5,4,1,5,4,1,6,4,2,7,5,2,0,0,0
40,104,54,25,29,53,25,28,220,188,32,219,187,32,4,2,2
40,193,4,3,1,130,90,40,73,51,22,27,18,9,27,25,2
40,12,1,1,0,1,1,0,1,0,1,1,1,0,1,1,0
40,19,0,0,0,3,2,1,51,36,15,26,10,16,119,86,33
40,74,83,28,55,82,28,54,3500,1793,1707,639,454,185,560,296,264
40,80,16,11,5,16,11,5,43,19,24,44,20,24,11,8,3
40,145,12,6,6,16,8,8,47,39,8,7,5,2,15,10,5
40,200,29,18,11,30,17,13,19,5,14,31,3,28,45,32,13
40,62,1,1,0,0,0,0,0,0,0,1,1,0,0,0,0
40,24,2,2,0,3,2,1,0,0,0,1,1,0,0,0,0
40,42,7,1,6,6,1,5,5,1,4,5,1,4,7,1,6
40,37,250,120,130,258,124,134,98,76,22,105,100,5,90,56,34
40,11,3,0,3,4,1,3,10,10,0,20,20,0,8,8,0
41,102,13,9,4,13,10,3,24,9,15,21,7,14,10,6,4
41,218,3094,1280,1814,2834,1176,1658,2028,867,1161,3212,1511,1701,2189,913,1276
41,83,3,1,2,3,1,2,1,0,1,1,0,1,0,0,0
41,38,5,2,3,6,2,4,1,0,1,0,0,0,1,0,1
41,50,24,7,17,12,3,9,29,10,19,54,17,37,4,1,3
42,64,3,1,2,2,1,1,4,3,1,2,1,1,5,1,4
42,142,3,2,1,1,1,0,10,7,3,2,1,1,3,2,1
42,191,245,162,83,128,98,30,54,25,29,198,102,96,80,42,38
42,161,42,19,23,57,24,33,11,5,6,5,3,2,1,1,0
42,55,5,1,4,5,2,3,10,4,6,19,7,12,2,1,1
42,103,287,114,173,124,54,70,110,51,59,149,67,82,103,39,64
42,211,15,5,10,16,5,11,1,0,1,1,0,1,2,1,1
42,31,4,2,2,3,2,1,5,3,2,5,3,2,4,4,0
42,56,4,3,1,4,3,1,38,23,15,33,21,12,31,17,14
42,95,12,7,5,12,7,5,25,14,11,25,14,11,18,6,12
42,162,5,3,2,4,3,1,17,9,8,20,11,9,3,1,2
42,169,0,0,0,0,0,0,0,0,0,0,0,0,25,14,11
42,170,24,15,9,6,3,3,276,132,144,282,135,147,3,2,1
42,187,6,4,2,9,5,4,3,2,1,2,1,1,6,4,2
42,59,128,62,66,128,62,66,77,30,47,77,31,46,132,74,58
42,73,9,6,3,8,5,3,101,44,57,100,44,56,168,75,93
42,96,19,11,8,18,11,7,16,7,9,15,6,9,12,5,7
42,101,48,19,29,89,38,51,13,7,6,26,17,9,3,0,3
42,114,0,0,0,1,1,0,1,1,0,2,2,0,1,1,0
42,153,247,232,15,195,37,158,449,197,252,443,216,227,295,101,194
42,199,3938,1902,2036,1813,825,988,969,547,422,567,323,244,475,350,125
42,218,2100,885,1215,2149,904,1245,701,355,346,1163,593,570,843,334,509
42,4,5,3,2,5,3,2,90,48,42,82,43,39,29,14,15
42,52,12,5,7,23,8,15,19,9,10,19,10,9,1,0,1
42,83,201,158,43,191,157,34,8,6,2,8,5,3,18,13,5
42,104,1755,538,1217,1755,538,1217,3631,1725,1906,3630,1725,1905,256,127,129
42,163,64,31,33,69,33,36,8,3,5,24,12,12,16,4,12
42,188,7,3,4,9,4,5,7,3,4,14,9,5,4,1,3
42,193,2307,1154,1153,8413,4136,4277,26783,13967,12816,14906,7168,7738,9656,5848,3808
42,12,89,49,40,88,48,40,103,38,65,102,37,65,183,89,94
42,19,34,8,26,33,25,8,95,65,30,123,87,36,219,104,115
42,74,427,94,333,426,93,333,1049,412,637,465,81,384,1088,481,607
42,80,484,394,90,485,395,90,4566,2227,2339,4566,2227,2339,531,247,284
42,121,3,1,2,2,1,1,7,2,5,6,3,3,21,13,8
42,145,44,13,31,114,31,83,244,89,155,59,20,39,278,129,149
42,200,251,187,64,271,204,67,622,195,427,782,23,759,1155,811,344
42,14,1,1,0,2,1,1,12,4,8,12,5,7,3,1,2
42,53,95,58,37,95,57,38,1,0,1,18,8,10,18,9,9
42,62,210,120,90,209,119,90,850,568,282,860,574,286,33,18,15
42,92,59,40,19,59,41,18,81,54,27,81,54,27,77,52,25
42,164,45,20,25,42,20,22,170,79,91,45,16,29,263,125,138
42,50,363,171,192,200,100,100,458,242,216,844,433,411,69,31,38
42,65,86,36,50,87,37,50,7,6,1,6,6,0,9,4,5
42,88,46,3,43,46,3,43,36,30,6,35,29,6,39,25,14
42,94,21,15,6,22,15,7,4,0,4,5,1,4,6,4,2
42,133,1361,569,792,1541,665,876,510,50,460,404,248,156,1935,1016,919
42,148,29,19,10,8,6,2,9,5,4,7,5,2,9,6,3
42,157,5,2,3,63,32,31,211,122,89,273,163,110,269,142,127
42,8,8792,8413,379,8791,8411,380,10629,7630,2999,10629,7629,3000,28432,13045,15387
42,24,185,50,135,234,77,157,158,71,87,167,75,92,667,349,318
42,28,2535,1335,1200,2536,1335,1201,820,486,334,1054,634,420,3124,1868,1256
42,46,85,18,67,85,18,67,82,14,68,210,154,56,135,84,51
42,63,300,139,161,300,139,161,849,518,331,2246,1162,1084,3544,1896,1648
42,71,1,0,1,23,14,9,66,37,29,50,27,23,17,8,9
42,159,81,23,58,67,12,55,113,66,47,108,65,43,52,31,21
42,160,655,333,322,756,361,395,890,429,461,515,257,258,538,267,271
42,222,138,66,72,156,74,82,25,17,8,24,18,6,22,13,9
42,225,3523,1858,1665,2942,1559,1383,386,175,211,402,182,220,318,68,250
42,37,1237,546,691,1788,816,972,228,7,221,1274,767,507,3060,1498,1562
42,220,11194,5008,6186,13929,6291,7638,4556,2189,2367,5604,1530,4074,6937,2764,4173
42,11,1363,773,590,1682,977,705,800,370,430,1370,720,650,2693,1358,1335
42,147,193,81,112,284,122,162,581,281,300,608,293,315,579,279,300
42,68,0,0,0,0,0,0,0,0,0,8,8,0,1,1,0
43,67,45,43,2,45,43,2,17,16,1,18,16,2,2,2,0
43,122,169,89,80,146,82,64,151,86,65,175,99,76,195,107,88
43,131,2927,358,2569,4751,221,4530,2873,75,2798,2943,178,2765,387,235,152
43,183,24,23,1,23,23,0,176,154,22,177,155,22,56,53,3
43,215,3,3,0,293,178,115,3,2,1,3,3,0,3,2,1
43,230,28,21,7,38,27,11,242,175,67,599,406,193,1473,547,926
43,48,44,39,5,132,120,12,167,146,21,403,370,33,229,209,20
43,77,21,15,6,36,26,10,15,10,5,25,18,7,20,14,6
43,64,70,24,46,61,5,56,107,85,22,53,28,25,134,54,80
43,118,434,168,266,464,201,263,375,302,73,234,177,57,347,240,107
43,196,33,19,14,35,19,16,144,75,69,675,349,326,104,53,51
43,27,181,174,7,293,283,10,914,881,33,922,889,33,1046,1007,39
43,116,22,12,10,26,15,11,2,1,1,2,1,1,3,2,1
43,142,201,136,65,314,220,94,854,619,235,118,83,35,259,182,77
43,191,1371,366,1005,1644,1396,248,1910,972,938,6917,3834,3083,6658,3742,2916
43,34,11,6,5,10,6,4,14,8,6,15,8,7,1,0,1
43,81,4,2,2,14,10,4,55,47,8,1,0,1,35,30,5
43,89,20,20,0,12,9,3,136,93,43,167,117,50,53,39,14
43,126,111,97,14,114,99,15,231,139,92,235,139,96,42,25,17
43,130,17,13,4,23,14,9,9,5,4,5,3,2,2,1,1
43,184,7,7,0,7,7,0,6,5,1,2,2,0,1,1,0
43,206,31,25,6,35,29,6,39,32,7,107,89,18,58,48,10
43,108,447,244,203,446,244,202,223,142,81,222,142,80,129,88,41
43,112,158,47,111,167,51,116,66,34,32,71,38,33,37,19,18
43,202,18,2,16,18,5,13,16,9,7,17,8,9,2,1,1
43,44,113440,28613,84827,113440,28613,84827,184500,13918,170582,189508,16356,173152,105134,28698,76436
43,45,15102,5041,10061,11752,3769,7983,30983,16628,14355,31545,12462,19083,19883,7446,12437
43,57,360,219,141,361,220,141,3229,1506,1723,3229,1506,1723,2625,1427,1198
43,106,75673,31890,43783,109544,46535,63009,312520,140177,172343,39036,13840,25196,34743,18065,16678
43,136,172,137,35,192,154,38,2979,2821,158,3553,3388,165,828,674,154
43,166,28472,13891,14581,43843,23182,20661,150816,74238,76578,247070,115080,131990,260611,134790,125821
43,30,209,120,89,208,119,89,43,29,14,43,29,14,43,29,14
43,35,1146,665,481,1145,665,480,658,355,303,658,356,302,164,88,76
43,98,87404,38872,48532,87404,38873,48531,11408,3352,8056,6787,4131,2656,5012,3145,1867
43,113,382,207,175,738,380,358,185,68,117,145,91,54,149,85,64
43,124,25403,12712,12691,18475,9886,8589,20648,9965,10683,16928,7779,9149,445,366,79
43,141,16776,9075,7701,10638,5775,4863,6881,3395,3486,3036,1289,1747,1426,614,812
43,161,8657,3638,5019,25969,12047,13922,27893,13862,14031,25127,13034,12093,554,299,255
43,185,40628,16416,24212,59123,22981,36142,49453,17021,32432,66146,23861,42285,82769,31761,51008
43,203,58,35,23,84,50,34,33111,21320,11791,35500,23103,12397,31509,20585,10924
43,205,84,49,35,92,53,39,114,91,23,199,83,116,16,10,6
43,226,580,327,253,1381,831,550,158,123,35,221,177,44,565,326,239
43,16,8736,7364,1372,8736,7364,1372,22714,19864,2850,22714,19865,2849,9653,8583,1070
43,23,74,39,35,74,40,34,144,72,72,144,72,72,48,25,23
43,97,4735,2837,1898,4735,2837,1898,661,396,265,662,397,265,265,159,106
43,144,3354,3052,302,4136,848,3288,3045,2558,487,10381,4618,5763,612,222,390
43,155,80,46,34,47,27,20,16,9,7,9,5,4,4,2,2
43,194,275,255,20,276,249,27,565,477,88,1159,1024,135,89,72,17
43,55,165,73,92,165,74,91,337,159,178,643,320,323,75,45,30
43,79,84,27,57,85,27,58,4,1,3,2,0,2,18,9,9
43,103,25,19,6,81,38,43,174,78,96,165,74,91,18,6,12
43,107,5526,543,4983,5522,586,4936,4995,2301,2694,4643,1931,2712,11101,4485,6616
43,115,2508,30,2478,2507,30,2477,1379,135,1244,1381,136,1245,2035,789,1246
43,211,491,222,269,614,299,315,61,12,49,46,7,39,39,1,38
43,31,81,36,45,81,36,45,165,91,74,135,74,61,153,65,88
43,56,151,96,55,151,96,55,2109,1133,976,1887,1067,820,257,35,222
43,95,3301,1775,1526,3301,1775,1526,1774,1012,762,1774,1012,762,358,24,334
43,162,134,70,64,114,60,54,258,108,150,289,119,170,44,13,31
43,169,726,444,282,655,362,293,115,30,85,134,71,63,1413,781,632
43,170,5606,1585,4021,5470,339,5131,1930,1667,263,3128,2338,790,1052,468,584
43,187,271,128,143,361,171,190,83,46,37,92,50,42,182,104,78
43,216,258,76,182,164,17,147,648,411,237,315,198,117,21,17,4
43,59,1140,433,707,1139,432,707,3649,1313,2336,3649,1314,2335,784,163,621
43,68,33,16,17,32,15,17,39,22,17,38,21,17,14,7,7
43,70,1,1,0,1,1,0,6,0,6,11,3,8,14,4,10
43,73,678,307,371,677,306,371,2790,1107,1683,2789,1107,1682,4188,1310,2878
43,96,60,29,31,59,28,31,158,45,113,158,46,112,71,13,58
43,101,2493,1179,1314,4173,2106,2067,3475,2047,1428,1712,478,1234,267,51,216
43,114,151,83,68,151,82,69,45,26,19,51,31,20,38,21,17
43,120,18,11,7,38,22,16,38,35,3,45,44,1,9,2,7
43,153,1016,342,674,741,1,740,2378,467,1911,2857,917,1940,2351,996,1355
43,199,1292,496,796,595,208,387,5199,1436,3763,11101,4780,6321,5636,2572,3064
43,218,59646,29262,30384,61043,29827,31216,3248,1166,2082,15243,7697,7546,20064,8468,11596
43,52,0,0,0,0,0,0,222,109,113,221,109,112,3,1,2
43,83,112,42,70,119,44,75,1455,757,698,1455,758,697,136,105,31
43,104,21347,10561,10786,21346,10561,10785,62768,32734,30034,62767,32733,30034,3542,1754,1788
43,127,25,12,13,47,22,25,39,20,19,74,17,57,84,45,39
43,163,779,403,376,839,436,403,3989,2101,1888,2947,1562,1385,901,271,630
43,182,1159,644,515,495,259,236,25,23,2,41,23,18,41,24,17
43,188,71,45,26,72,44,28,98,47,51,492,282,210,114,57,57
43,193,4083,2179,1904,2211,1139,1072,79184,41386,37798,73596,34439,39157,11024,6519,4505
43,12,1231,622,609,1231,622,609,1490,524,966,1490,525,965,2568,1184,1384
43,19,574,124,450,480,83,397,3062,1504,1558,1828,699,1129,3618,1844,1774
43,74,1347,251,1096,1347,252,1095,26576,11353,15223,30783,10028,20755,8311,3180,5131
43,80,14678,6443,8235,14678,6444,8234,24882,8578,16304,24882,8578,16304,3411,1529,1882
43,119,12,7,5,12,6,6,6,2,4,8,2,6,11,5,6
43,121,51,27,24,39,20,19,123,35,88,113,30,83,365,209,156
43,145,5362,2413,2949,6254,2812,3442,11542,3844,7698,8967,3860,5107,9804,4676,5128
43,200,1710,810,900,1746,842,904,1931,510,1421,2419,113,2306,2743,1799,944
43,7,27,13,14,26,13,13,8,4,4,8,4,4,8,4,4
43,10,188,88,100,187,88,99,233,114,119,216,106,110,56,29,27
43,14,13,8,5,13,8,5,33,16,17,33,17,16,13,7,6
43,17,0,0,0,0,0,0,30,17,13,11,6,5,2,2,0
43,25,25,14,11,26,15,11,4,2,2,63,34,29,2,2,0
43,53,159,127,32,160,128,32,2,1,1,29,21,8,31,23,8
43,61,5,4,1,4,3,1,4,3,1,6,3,3,5,3,2
43,62,400,186,214,400,187,213,1493,817,676,1514,828,686,78,43,35
43,92,62,39,23,61,38,23,85,52,33,84,51,33,81,50,31
43,129,35,22,13,36,22,14,6,2,4,6,2,4,5,2,3
43,164,487,232,255,489,231,258,107,49,58,71,40,31,263,125,138
43,174,6,3,3,11,6,5,6,4,2,3,1,2,2,1,1
43,186,0,0,0,0,0,0,83,44,39,84,44,40,7,3,4
43,209,44,23,21,36,21,15,33,17,16,342,200,142,30,23,7
43,20,272,133,139,271,132,139,284,155,129,283,154,129,269,143,126
43,50,62,38,24,32,19,13,76,48,28,141,88,53,12,7,5
43,65,36,25,11,37,26,11,31,18,13,30,18,12,11,7,4
43,88,54,40,14,54,41,13,78,46,32,78,47,31,86,51,35
43,94,25,11,14,24,11,13,9,4,5,9,3,6,12,9,3
43,133,671,265,406,754,314,440,2031,1161,870,2576,1456,1120,2673,1459,1214
43,148,11,9,2,37,21,16,40,22,18,8,6,2,10,7,3
43,157,362,79,283,861,261,600,1980,923,1057,2613,1355,1258,2772,1444,1328
43,8,1582,958,624,1582,959,623,2522,1309,1213,2522,1309,1213,1921,1025,896
43,24,130,80,50,137,85,52,216,133,83,214,132,82,159,99,60
43,28,897,550,347,897,550,347,4558,2434,2124,4345,2310,2035,3927,2126,1801
43,42,567,289,278,567,289,278,1743,967,776,1742,966,776,3696,828,2868
43,46,159,81,78,159,81,78,37,22,15,313,188,125,136,86,50
43,63,280,167,113,280,167,113,219,143,76,580,331,249,915,537,378
43,75,240,100,140,239,99,140,204,99,105,204,99,105,214,99,115
43,91,159,95,64,158,94,64,200,122,78,200,122,78,169,101,68
43,159,534,295,239,537,300,237,42,23,19,40,23,17,20,12,8
43,160,372,218,154,430,241,189,506,285,221,293,170,123,306,177,129
43,197,483,265,218,597,323,274,701,393,308,690,378,312,812,446,366
43,225,1609,805,804,1921,910,1011,1290,911,379,1435,1035,400,1152,595,557
43,22,43,27,16,42,26,16,88,38,50,88,38,50,4,3,1
43,37,118633,56838,61795,125450,60166,65284,96832,38769,58063,127407,53772,73635,74819,34017,40802
43,84,1,1,0,1,0,1,4,3,1,8,3,5,3,1,2
43,220,249646,123277,126369,291487,145449,146038,246826,125278,121548,265969,115614,150355,275684,130787,144897
43,11,10820,3110,7710,36364,14765,21599,82900,35740,47160,143980,63870,80110,79494,33685,45809
43,147,9932,4648,5284,18909,9242,9667,36805,17839,18966,9624,4599,5025,8273,3921,4352
43,72,13,11,2,2,1,1,3,1,2,62,39,23,27,19,8
43,146,12,6,6,12,5,7,6,4,2,7,4,3,5,3,2
43,158,73,35,38,61,13,48,4,2,2,16,2,14,3,2,1
43,189,2,1,1,11,6,5,15,7,8,2,0,2,14,8,6
43,87,496,66,430,495,65,430,288,139,149,289,140,149,19,9,10
43,128,49,26,23,64,46,18,78,49,29,65,43,22,22,12,10
43,143,38,22,16,38,22,16,26,18,8,25,12,13,9,4,5
43,152,5246,1290,3956,5722,1045,4677,3955,1133,2822,6717,1571,5146,302,39,263
43,156,223,137,86,536,258,278,529,235,294,26,25,1,12,12,0
43,3,100,70,30,99,69,30,151,104,47,150,104,46,9,7,2
43,76,53,19,34,42,14,28,30,16,14,23,1,22,33,16,17
43,177,9,7,2,9,7,2,5,4,1,8,7,1,3,2,1
43,208,11,7,4,13,10,3,19,11,8,22,16,6,21,14,7
43,54,0,0,0,0,0,0,0,0,0,450,213,237,39,19,20
44,131,46,22,24,20,11,9,4,2,2,1,1,0,3,3,0
44,191,711,316,395,406,186,220,131,59,72,478,239,239,456,232,224
44,43,347,324,23,347,323,24,115838,69640,46198,115839,69641,46198,35423,26232,9191
44,45,1762,1434,328,1521,1313,208,2743,2098,645,2788,1885,903,1561,897,664
44,57,9,7,2,10,7,3,22,18,4,21,17,4,15,10,5
44,30,50,27,23,50,27,23,11,7,4,11,7,4,11,7,4
44,35,88,50,38,87,50,37,50,26,24,50,27,23,13,7,6
44,161,29,11,18,65,20,45,14,7,7,8,5,3,4,3,1
44,185,16665,7640,9025,19734,8759,10975,1183,58,1125,3993,1207,2786,5467,2213,3254
44,107,23,13,10,23,14,9,21,16,5,19,14,5,46,34,12
44,211,19,9,10,21,10,11,1,0,1,1,0,1,2,1,1
44,56,3,1,2,3,1,2,6,2,4,6,2,4,0,0,0
44,170,4,1,3,2,0,2,12,7,5,12,7,5,2,2,0
44,59,0,0,0,1,1,0,12,6,6,12,6,6,12,7,5
44,101,382,179,203,640,322,318,502,219,283,265,14,251,40,2,38
44,153,126,46,80,30,6,24,34,23,11,70,26,44,30,23,7
44,199,83,34,49,38,14,24,28,19,9,4,3,1,12,2,10
44,218,704,72,632,1787,468,1319,12495,6663,5832,19595,10707,8888,13182,6052,7130
44,83,10,5,5,11,6,5,25,13,12,26,14,12,0,0,0
44,163,30,12,18,34,13,21,21,9,12,4,2,2,12,3,9
44,12,20,11,9,20,12,8,23,9,14,23,9,14,41,20,21
44,74,72,12,60,72,13,59,956,424,532,938,421,517,39,16,23
44,14,11,7,4,10,5,5,4,2,2,5,3,2,2,1,1
44,25,63,41,22,64,41,23,12,8,4,182,117,65,2,2,0
44,20,2,0,2,1,0,1,6,4,2,5,3,2,10,5,5
44,50,100,66,34,902,474,428,865,475,390,1594,852,742,130,61,69
44,65,3,2,1,3,1,2,1,1,0,0,0,0,0,0,0
44,157,83,46,37,101,55,46,74,47,27,58,36,22,42,20,22
44,8,0,0,0,0,0,0,2,2,0,3,3,0,0,0,0
44,24,8,5,3,7,5,2,6,4,2,7,5,2,0,0,0
44,42,11,4,7,11,5,6,9,3,6,10,3,7,21,12,9
44,46,1,1,0,1,1,0,1,0,1,4,3,1,2,1,1
44,63,4,2,2,4,3,1,7,4,3,19,11,8,30,17,13
44,225,7,4,3,10,6,4,25,15,10,26,16,10,32,15,17
44,37,1089,63,1026,6463,2628,3835,23421,12369,11052,10547,5921,4626,23958,11260,12698
44,220,24712,12760,11952,31737,16500,15237,6614,3794,2820,9190,2698,6492,4335,1795,2540
44,11,10831,5235,5596,6767,3399,3368,4400,1760,2640,5650,2450,3200,10057,4568,5489
44,147,6602,3106,3496,445,145,300,3646,1777,1869,51,19,32,67,40,27
44,134,3,1,2,1,0,1,7,5,2,5,4,1,3,1,2
44,68,0,0,0,0,0,0,0,0,0,1,0,1,0,0,0
44,54,0,0,0,0,0,0,0,0,0,103,67,36,8,5,3
45,43,224,219,5,223,219,4,4258,2207,2051,4258,2206,2052,3198,2265,933
45,44,1547,577,970,1547,578,969,4678,226,4452,4836,303,4533,3235,880,2355
45,185,1446,605,841,448,272,176,4036,1582,2454,4812,1897,2915,3490,1418,2072
45,59,2,1,1,3,1,2,0,0,0,0,0,0,0,0,0
45,153,5,0,5,6,1,5,33,26,7,26,23,3,5,3,2
45,163,974,435,539,1049,473,576,344,154,190,761,339,422,172,33,139
45,12,1,0,1,1,1,0,2,1,1,1,0,1,3,2,1
45,74,4,1,3,3,1,2,51,24,27,51,25,26,1,0,1
45,50,1,0,1,0,0,0,0,0,0,0,0,0,0,0,0
45,42,11,5,6,11,5,6,1,0,1,2,0,2,6,2,4
45,37,30,1,29,185,75,110,828,423,405,469,242,227,648,306,342
45,220,687,359,328,924,484,440,1837,935,902,1943,881,1062,834,393,441
45,11,248,110,138,133,63,70,30,10,20,460,240,220,373,103,270
46,64,17,15,2,15,12,3,8,7,1,4,3,1,10,6,4
46,191,41,3,38,87,20,67,48,14,34,175,61,114,70,26,44
46,161,63,27,36,37,13,24,31,23,8,36,25,11,2,1,1
46,55,13,2,11,13,3,10,27,6,21,50,13,37,6,3,3
46,103,365,142,223,280,117,163,426,177,249,452,184,268,84,27,57
46,107,8,5,3,7,4,3,14,9,5,13,7,6,30,18,12
46,211,16,6,10,17,5,12,1,0,1,1,0,1,2,1,1
46,31,5,3,2,4,3,1,6,4,2,6,4,2,11,7,4
46,56,9,5,4,9,6,3,63,30,33,54,27,27,84,43,41
46,95,51,25,26,51,25,26,32,18,14,32,18,14,21,12,9
46,162,12,8,4,10,8,2,33,11,22,36,12,24,5,2,3
46,170,55,8,47,52,2,50,21,15,6,25,19,6,3,1,2
46,187,13,10,3,18,13,5,5,4,1,5,4,1,10,7,3
46,59,617,343,274,616,343,273,482,230,252,481,230,251,267,163,104
46,70,17,11,6,4,2,2,2,1,1,7,2,5,7,7,0
46,73,110,64,46,110,65,45,271,136,135,271,136,135,364,144,220
46,96,21,9,12,20,9,11,48,18,30,47,17,30,34,7,27
46,114,1,0,1,1,0,1,3,2,1,3,2,1,2,1,1
46,153,966,566,400,646,332,314,893,448,445,700,321,379,870,408,462
46,199,1073,553,520,495,243,252,1579,796,783,1635,694,941,1442,669,773
46,218,3114,1361,1753,3260,1404,1856,5649,2343,3306,7080,3026,4054,3042,1036,2006
46,52,0,0,0,0,0,0,23,8,15,22,8,14,0,0,0
46,83,102,35,67,85,30,55,12,7,5,11,7,4,21,15,6
46,104,2680,985,1695,2680,985,1695,12266,5373,6893,12266,5374,6892,909,451,458
46,163,122,38,84,133,43,90,145,56,89,61,28,33,56,3,53
46,188,2,2,0,3,1,2,4,0,4,21,6,15,8,1,7
46,193,9135,3336,5799,18462,7045,11417,229883,100978,128905,106130,48019,58111,29222,21329,7893
46,12,111,54,57,111,54,57,128,36,92,128,37,91,228,95,133
46,19,125,24,101,105,18,87,458,185,273,186,114,72,535,217,318
46,74,487,73,414,486,72,414,6140,3173,2967,3011,467,2544,2057,808,1249
46,80,2183,334,1849,2183,335,1848,6398,2598,3800,6397,2597,3800,737,267,470
46,119,0,0,0,1,1,0,14,3,11,15,3,12,6,2,4
46,121,2,0,2,1,1,0,4,0,4,2,0,2,8,3,5
46,145,1869,745,1124,2099,834,1265,2805,1180,1625,1287,491,796,1400,519,881
46,200,1418,695,723,1442,716,726,1038,204,834,1651,219,1432,1781,1155,626
46,10,2597,1066,1531,2597,1067,1530,1200,316,884,1036,253,783,483,176,307
46,14,8,5,3,9,6,3,73,44,29,72,43,29,15,8,7
46,25,854,266,588,854,265,589,163,50,113,2141,632,1509,71,28,43
46,38,81,51,30,82,52,30,74,15,59,75,16,59,5,2,3
46,53,85,48,37,86,48,38,1,0,1,15,6,9,17,8,9
46,62,520,211,309,520,211,309,1144,562,582,1177,579,598,190,95,95
46,92,147,82,65,146,81,65,201,110,91,201,111,90,192,105,87
46,164,202,97,105,212,102,110,669,311,358,107,31,76,801,384,417
46,186,0,0,0,0,0,0,100,41,59,100,41,59,8,3,5
46,50,225,79,146,1848,877,971,1708,812,896,13242,6556,6686,842,358,484
46,65,19,4,15,20,4,16,95,50,45,95,51,44,24,12,12
46,88,120,93,27,120,94,26,138,99,39,137,99,38,151,88,63
46,94,118,59,59,117,59,58,13,4,9,13,3,10,18,13,5
46,133,870,304,566,1109,431,678,2764,1095,1669,3856,1581,2275,6876,3565,3311
46,148,61,30,31,72,48,24,80,50,30,26,15,11,32,19,13
46,157,3211,1590,1621,4294,2073,2221,11990,5070,6920,13583,6091,7492,8205,3720,4485
46,8,460,264,196,460,265,195,950,430,520,950,430,520,6918,3469,3449
46,24,351,208,143,340,202,138,604,400,204,600,398,202,418,243,175
46,28,973,598,375,973,599,374,1351,585,766,1272,540,732,1387,698,689
46,42,1180,532,648,1179,531,648,5985,2730,3255,5984,2729,3255,7589,3850,3739
46,63,15659,7949,7710,15659,7950,7709,21466,10291,11175,99783,52230,47553,1928,969,959
46,160,541,278,263,625,302,323,735,357,378,426,214,212,445,223,222
46,225,32745,18308,14437,28859,16340,12519,49198,20618,28580,252569,126628,125941,54366,27963,26403
46,37,5048,2418,2630,5347,2563,2784,21388,10076,11312,23751,11258,12493,7416,3503,3913
46,220,103902,47566,56336,119846,55342,64504,54558,25960,28598,61476,21810,39666,61790,26169,35621
46,11,1040,508,532,854,426,428,1810,800,1010,6610,3190,3420,3077,1307,1770
46,147,55,23,32,81,35,46,163,79,84,418,202,216,407,196,211
46,68,0,0,0,0,0,0,0,0,0,13,6,7,1,1,0
46,54,0,0,0,0,0,0,0,0,0,4414,1513,2901,383,137,246
47,67,33,20,13,33,19,14,48,27,21,48,26,22,3,3,0
47,122,937,495,442,808,470,338,860,502,358,966,563,403,1077,633,444
47,132,9866,5069,4797,16049,7321,8728,13342,5973,7369,6975,2313,4662,3291,307,2984
47,168,511,233,278,557,252,305,369,173,196,265,121,144,72,29,43
47,219,115,70,45,29,17,12,64,39,25,16,10,6,29,18,11
47,64,96,62,34,137,97,40,127,112,15,63,46,17,159,106,53
47,118,948,755,193,984,792,192,421,371,50,327,287,40,485,412,73
47,191,74,58,16,38,30,8,15,13,2,59,50,9,43,37,6
47,56,1,1,0,0,0,0,0,0,0,0,0,0,1,1,0
47,170,4,1,3,2,0,2,37,18,19,37,18,19,3,1,2
47,59,1,1,0,1,1,0,5,2,3,5,2,3,5,3,2
47,73,1,0,1,0,0,0,1,1,0,0,0,0,1,1,0
47,101,0,0,0,0,0,0,0,0,0,0,0,0,0,0,0
47,218,26,11,15,27,11,16,35,14,21,43,18,25,16,7,9
47,83,0,0,0,0,0,0,38,29,9,37,29,8,2,2,0
47,104,4,1,3,4,1,3,13,5,8,13,6,7,0,0,0
47,74,610,132,478,609,131,478,10306,5571,4735,3483,606,2877,2767,1218,1549
47,200,2,2,0,4,3,1,2,2,0,3,0,3,4,3,1
47,42,1,1,0,2,1,1,0,0,0,2,1,1,1,1,0
47,37,10,5,5,11,5,6,69,33,36,76,36,40,22,11,11
48,123,832,457,375,58,34,24,71,41,30,25,15,10,18,10,8
48,219,6993,3525,3468,1143,309,834,634,285,349,577,264,313,663,392,271
48,230,340,153,187,1338,600,738,3838,1193,2645,2849,2264,585,1081,468,613
48,5,67,20,47,66,20,46,160,57,103,159,57,102,341,132,209
48,40,62,33,29,62,33,29,259,190,69,107,45,62,165,85,80
48,58,2265,1131,1134,3558,1691,1867,0,0,0,7919,3879,4040,4994,418,4576
48,77,984,456,528,1677,777,900,730,342,388,1176,551,625,960,433,527
48,64,13,6,7,16,8,8,10,8,2,5,3,2,13,5,8
48,118,109,67,42,114,72,42,49,39,10,31,24,7,45,33,12
48,139,106,64,42,63,23,40,32,7,25,152,74,78,486,240,246
48,142,73,38,35,111,62,49,308,182,126,43,24,19,93,51,42
48,191,2410,1590,820,4056,2541,1515,1981,878,1103,6689,3699,2990,5517,3191,2326
48,198,8,4,4,27,14,13,13,5,8,13,5,8,10,7,3
48,21,252,137,115,252,137,115,294,173,121,294,173,121,281,167,114
48,126,186,96,90,352,173,179,11879,5982,5897,12047,6057,5990,2190,1075,1115
48,206,15,9,6,17,10,7,19,12,7,55,36,19,28,17,11
48,161,239,207,32,305,282,23,30,30,0,4,4,0,8,8,0
48,31,3,2,1,3,2,1,1,0,1,2,1,1,4,3,1
48,56,8,6,2,8,7,1,11,4,7,7,1,6,11,8,3
48,95,19,14,5,18,14,4,13,11,2,13,11,2,9,4,5
48,162,10,7,3,8,7,1,28,11,17,32,12,20,4,1,3
48,170,92,12,80,89,3,86,118,88,30,110,82,28,11,8,3
48,187,5,3,2,8,5,3,2,1,1,2,1,1,4,2,2
48,59,27,15,12,26,15,11,293,140,153,293,141,152,86,39,47
48,73,0,0,0,2,1,1,43,23,20,42,23,19,58,29,29
48,101,415,194,221,734,371,363,746,433,313,408,133,275,53,10,43
48,114,0,0,0,1,1,0,1,1,0,0,0,0,1,1,0
48,153,40,19,21,94,49,45,421,217,204,1007,523,484,474,204,270
48,199,24,13,11,11,5,6,187,95,92,290,133,157,179,99,80
48,218,1337,616,721,1369,629,740,2446,908,1538,2903,1137,1766,1050,365,685
48,83,400,209,191,408,209,199,301,116,185,301,117,184,61,46,15
48,104,1390,727,663,1389,726,663,79,64,15,78,63,15,57,28,29
48,163,616,289,327,664,314,350,596,358,238,797,439,358,64,12,52
48,193,201,144,57,329,236,93,1071,688,383,639,339,300,228,217,11
48,12,32,20,12,32,20,12,38,18,20,37,18,19,66,38,28
48,19,208,167,41,231,181,50,289,130,159,176,93,83,180,97,83
48,74,1565,444,1121,1564,444,1120,5972,1781,4191,6731,4200,2531,5247,2562,2685
48,80,493,246,247,493,246,247,1364,604,760,1363,603,760,140,69,71
48,145,138,76,62,154,85,69,484,289,195,85,74,11,76,44,32
48,200,1123,613,510,1115,607,508,42,3,39,127,35,92,183,132,51
48,50,2,2,0,1,1,0,2,1,1,4,2,2,0,0,0
48,8,2,1,1,2,0,2,23,13,10,23,12,11,0,0,0
48,24,2,1,1,2,2,0,1,1,0,0,0,0,1,1,0
48,42,5,3,2,5,4,1,2,1,1,2,1,1,5,1,4
48,37,95,46,49,100,48,52,722,422,300,783,457,326,210,119,91
48,11,8,6,2,10,9,1,570,340,230,380,210,170,333,74,259
48,36,0,0,0,0,0,0,2972,1475,1497,607,248,359,327,211,116
48,28,0,0,0,0,0,0,39,35,4,40,36,4,16,14,2
48,68,0,0,0,0,0,0,0,0,0,4,3,1,0,0,0
49,59,0,0,0,0,0,0,0,0,0,0,0,0,1,0,1
49,83,0,0,0,2,1,1,2,1,1,3,1,2,0,0,0
49,74,0,0,0,0,0,0,4,1,3,3,0,3,0,0,0
49,62,1,0,1,1,0,1,1,0,1,2,1,1,0,0,0
49,42,2,1,1,0,0,0,0,0,0,1,1,0,1,0,1
49,37,0,0,0,0,0,0,5,2,3,5,3,2,0,0,0
49,11,1267,634,633,1058,541,517,830,400,430,1190,630,560,1346,711,635
49,147,1749,865,884,1424,825,599,756,377,379,187,101,86,408,212,196
49,72,0,0,0,0,0,0,0,0,0,2,1,1,1,1,0
49,177,5,3,2,8,1,7,1,0,1,4,1,3,1,1,0
50,161,8,4,4,12,10,2,3,3,0,6,6,0,1,1,0
50,55,1,0,1,0,0,0,1,0,1,2,0,2,0,0,0
50,211,18,9,9,20,10,10,1,0,1,1,0,1,0,0,0
50,31,1,1,0,1,1,0,1,1,0,1,1,0,2,2,0
50,56,1,1,0,1,1,0,12,7,5,11,7,4,23,10,13
50,95,7,4,3,7,4,3,5,4,1,5,4,1,11,2,9
50,162,4,2,2,3,3,0,13,10,3,13,11,2,1,1,0
50,170,3,1,2,1,0,1,1,0,1,1,1,0,1,0,1
50,59,26,14,12,25,14,11,26,13,13,25,12,13,30,21,9
50,73,6,3,3,5,2,3,17,12,5,16,11,5,23,15,8
50,96,2,1,1,1,1,0,0,0,0,1,1,0,2,1,1
50,101,3,1,2,7,3,4,1,1,0,2,2,0,0,0,0
50,114,0,0,0,0,0,0,0,0,0,1,0,1,1,0,1
50,153,27,16,11,20,9,11,42,24,18,28,9,19,31,23,8
50,199,31,15,16,14,5,9,66,32,34,89,58,31,62,24,38
50,218,150,61,89,155,63,92,148,76,72,190,97,93,84,34,50
50,83,6,3,3,7,3,4,8,1,7,8,1,7,3,2,1
50,104,209,39,170,208,38,170,500,234,266,499,234,265,34,17,17
50,193,134,68,66,471,229,242,867,380,487,1033,514,519,190,33,157
50,12,13,6,7,12,5,7,15,4,11,14,3,11,26,10,16
50,19,0,0,0,2,1,1,22,9,13,22,4,18,41,29,12
50,74,14,2,12,13,2,11,192,53,139,56,48,8,57,23,34
50,80,123,10,113,123,10,113,533,262,271,533,263,270,63,27,36
50,145,97,42,55,109,48,61,147,58,89,65,24,41,113,59,54
50,200,93,55,38,95,55,40,91,26,65,113,4,109,139,93,46
50,14,28,11,17,28,11,17,8,4,4,8,3,5,4,1,3
50,38,99,71,28,99,70,29,83,59,24,83,60,23,2,1,1
50,62,172,45,127,172,45,127,799,280,519,806,283,523,16,8,8
50,92,48,21,27,48,22,26,67,29,38,67,30,37,64,28,36
50,105,5,2,3,5,3,2,2,0,2,3,0,3,2,1,1
50,164,44,21,23,46,22,24,24,11,13,50,26,24,134,61,73
50,65,370,186,184,370,186,184,11,0,11,11,1,10,36,17,19
50,88,126,57,69,128,58,70,138,98,40,138,98,40,152,86,66
50,94,23,3,20,22,3,19,13,3,10,13,3,10,18,12,6
50,133,483,217,266,595,270,325,497,136,361,187,2,185,14,8,6
50,148,1232,617,615,2221,1176,1045,2395,1239,1156,646,359,287,783,422,361
50,157,236,161,75,499,264,235,846,437,409,1108,604,504,1152,539,613
50,8,103,44,59,102,43,59,67,34,33,67,34,33,0,0,0
50,24,20,8,12,19,7,12,8,2,6,8,2,6,21,11,10
50,28,84,79,5,83,79,4,74,62,12,70,60,10,78,47,31
50,42,14,5,9,13,5,8,86,17,69,86,16,70,184,74,110
50,46,66,36,30,65,35,30,10,10,0,154,87,67,70,40,30
50,63,38,17,21,38,18,20,70,38,32,186,80,106,293,132,161
50,160,30,16,14,36,18,18,42,20,22,24,13,11,25,13,12
50,225,256,123,133,227,108,119,36,2,34,35,3,32,20,1,19
50,37,590,281,309,635,304,331,887,438,449,1093,543,550,530,257,273
50,220,13014,5478,7536,15326,6520,8806,6685,2955,3730,7648,2273,5375,279,262,17
50,11,71,39,32,53,29,24,40,30,10,30,20,10,137,94,43
50,68,0,0,0,0,0,0,0,0,0,2,2,0,0,0,0
51,5,1,0,1,1,1,0,13,7,6,13,7,6,13,7,6
51,77,204,130,74,349,222,127,152,98,54,244,156,88,200,126,74
51,64,27,23,4,13,13,0,32,26,6,16,9,7,40,17,23
51,118,83,66,17,73,56,17,71,58,13,46,36,10,67,49,18
51,210,4,0,4,82,45,37,21,7,14,103,51,52,144,75,69
51,142,2,1,1,2,2,0,9,6,3,2,1,1,3,2,1
51,191,420,245,175,221,122,99,99,66,33,344,240,104,312,220,92
51,21,123,75,48,123,74,49,2115,1227,888,2115,1228,887,2023,1187,836
51,32,59394,30136,29258,80525,38255,42270,74430,33675,40755,59040,27715,31325,23614,11525,12089
51,34,3,1,2,3,2,1,4,2,2,4,1,3,0,0,0
51,81,471,227,244,580,88,492,20297,9326,10971,951,401,550,4746,2501,2245
51,89,378,346,32,237,109,128,4220,1671,2549,4912,2298,2614,1389,660,729
51,117,118,84,34,127,83,44,5499,2361,3138,18743,10587,8156,14650,5285,9365
51,126,10821,5639,5182,4493,2409,2084,6357,3378,2979,29855,15456,14399,1472,739,733
51,130,19,15,4,22,14,8,98,61,37,243,144,99,71,40,31
51,149,1651,929,722,1627,917,710,20,9,11,19,7,12,233,132,101
51,181,106,49,57,233,171,62,167,126,41,280,200,80,73,40,33
51,184,2,2,0,2,2,0,2,1,1,1,1,0,1,1,0
51,206,201,101,100,226,114,112,360,174,186,630,405,225,2739,1257,1482
51,203,0,0,0,2,1,1,6,4,2,7,3,4,0,0,0
51,31,1,1,0,1,1,0,1,0,1,1,1,0,2,1,1
51,56,2,2,0,2,2,0,35,32,3,32,30,2,9,7,2
51,95,8,6,2,8,6,2,4,3,1,4,3,1,5,4,1
51,170,19,3,16,17,1,16,12,12,0,11,10,1,2,2,0
51,59,121,82,39,120,81,39,54,6,48,54,6,48,28,8,20
51,73,14,11,3,13,11,2,35,24,11,35,24,11,49,36,13
51,96,1,0,1,0,0,0,1,1,0,1,1,0,2,2,0
51,101,45,22,23,83,43,40,9,5,4,25,18,7,3,1,2
51,114,0,0,0,1,1,0,0,0,0,0,0,0,1,1,0
51,153,21,18,3,30,14,16,63,34,29,100,56,44,42,10,32
51,199,46,30,16,22,14,8,127,58,69,267,134,133,240,112,128
51,218,1141,592,549,1168,605,563,2249,977,1272,2652,1199,1453,937,387,550
51,83,1,0,1,0,0,0,23,12,11,25,13,12,5,4,1
51,104,5509,2830,2679,5508,2830,2678,6605,4427,2178,6605,4427,2178,378,187,191
51,163,30,22,8,34,25,9,20,16,4,3,2,1,12,7,5
51,193,89,60,29,195,130,65,967,719,248,1784,1399,385,443,336,107
51,12,15,11,4,15,11,4,18,12,6,17,11,6,30,20,10
51,19,119,48,71,106,42,64,639,369,270,787,418,369,1121,627,494
51,74,1324,269,1055,1323,268,1055,31892,15105,16787,7663,2386,5277,6793,2924,3869
51,80,1008,691,317,1008,692,316,575,174,401,574,174,400,134,80,54
51,145,83,50,33,93,55,38,412,266,146,328,147,181,175,87,88
51,200,512,272,240,518,276,242,260,74,186,338,17,321,450,310,140
51,50,0,0,0,0,0,0,1,1,0,2,2,0,0,0,0
51,133,69,34,35,64,31,33,8,6,2,11,7,4,9,8,1
51,8,0,0,0,0,0,0,0,0,0,0,0,0,0,0,0
51,24,1,0,1,2,0,2,1,0,1,1,1,0,0,0,0
51,42,1,1,0,2,2,0,1,0,1,2,1,1,6,2,4
51,37,7,0,7,46,18,28,2122,1237,885,2353,1367,986,729,402,327
51,220,2806,1851,955,2979,1969,1010,6555,2133,4422,6725,3184,3541,5523,2674,2849
51,11,9,6,3,7,4,3,160,90,70,260,120,140,131,75,56
51,28,0,0,0,0,0,0,164,120,44,165,121,44,67,49,18
51,68,0,0,0,0,0,0,0,0,0,1,1,0,0,0,0
52,64,28,28,0,24,22,2,14,12,2,7,5,2,18,10,8
52,191,88,41,47,31,16,15,74,34,40,296,154,142,228,121,107
52,55,9,3,6,8,3,5,18,7,11,33,13,20,4,2,2
52,107,6,2,4,6,3,3,14,8,6,14,7,7,31,16,15
52,211,76,32,44,78,33,45,6,0,6,6,0,6,5,1,4
52,31,14,7,7,13,7,6,20,11,9,18,10,8,12,8,4
52,56,209,131,78,209,131,78,328,257,71,233,213,20,183,103,80
52,95,615,282,333,615,283,332,375,190,185,375,190,185,284,151,133
52,162,166,85,81,141,72,69,89,33,56,81,42,39,29,12,17
52,170,70,9,61,65,1,64,34,22,12,30,18,12,7,5,2
52,187,178,110,68,254,157,97,65,44,21,72,49,23,141,97,44
52,59,38,20,18,37,19,18,86,37,49,86,38,48,67,24,43
52,70,0,0,0,1,1,0,25,14,11,0,0,0,5,3,2
52,73,52,27,25,52,27,25,35,17,18,34,17,17,84,40,44
52,96,3,2,1,2,1,1,70,37,33,70,37,33,13,12,1
52,101,172,85,87,320,170,150,34,18,16,96,69,27,11,3,8
52,114,2,2,0,2,2,0,1,1,0,1,1,0,1,0,1
52,153,95,48,47,1323,733,590,1139,600,539,178,41,137,667,420,247
52,199,767,382,385,354,166,188,708,307,401,340,118,222,1338,773,565
52,218,2393,820,1573,2467,850,1617,351,41,310,930,320,610,991,332,659
52,26,6054,2914,3140,6054,2914,3140,15396,7498,7898,5081,2391,2690,1321,646,675
52,83,77,68,9,86,69,17,42,7,35,41,6,35,21,15,6
52,104,11234,5085,6149,11233,5084,6149,2205,961,1244,2205,961,1244,508,252,256
52,127,4,2,2,32,17,15,33,18,15,19,8,11,17,12,5
52,163,31,20,11,34,21,13,15,9,6,19,18,1,7,0,7
52,182,190135,88567,101568,79766,34275,45491,8984,6063,2921,6684,3131,3553,6534,3378,3156
52,188,1181,744,437,1568,929,639,4086,3137,949,7317,2297,5020,10591,4198,6393
52,193,130,71,59,282,155,127,902,475,427,159,21,138,39,23,16
52,204,102,48,54,82,29,53,35,15,20,35,15,20,110,44,66
52,12,5611,3054,2557,5610,3054,2556,10395,5268,5127,10395,5267,5128,5801,2838,2963
52,19,173,82,91,157,75,82,37,23,14,122,67,55,412,175,237
52,74,339,97,242,338,97,241,2109,1246,863,303,218,85,763,374,389
52,80,29645,12632,17013,29645,12633,17012,9156,6354,2802,9157,6355,2802,6979,3122,3857
52,119,24,8,16,22,6,16,14,1,13,13,2,11,4,2,2
52,121,20,11,9,15,8,7,49,16,33,45,14,31,144,87,57
52,145,43,21,22,48,23,25,51,23,28,20,12,8,67,34,33
52,200,3280,1462,1818,3213,1402,1811,1653,396,1257,2511,268,2243,3244,2222,1022
52,50,5,3,2,2,1,1,6,3,3,12,6,6,1,0,1
52,133,7,2,5,11,4,7,19,9,10,11,6,5,2,1,1
52,157,5,4,1,7,6,1,18,11,7,22,13,9,16,13,3
52,8,52,13,39,52,12,40,542,249,293,542,249,293,3,1,2
52,24,28,18,10,27,17,10,11,8,3,11,7,4,5,3,2
52,42,82,46,36,81,46,35,70,24,46,71,24,47,148,76,72
52,46,1,1,0,2,1,1,2,0,2,6,4,2,4,3,1
52,63,4,3,1,3,2,1,6,5,1,16,10,6,25,17,8
52,160,8,7,1,10,7,3,12,9,3,6,5,1,6,5,1
52,225,5,3,2,7,4,3,17,10,7,19,11,8,23,11,12
52,37,19145,9233,9912,19621,9465,10156,1118,466,652,1197,710,487,4669,2263,2406
52,220,8351,4122,4229,9630,4800,4830,1230,708,522,1747,482,1265,713,280,433
52,11,6471,3315,3156,3214,1734,1480,11280,5400,5880,1170,1100,70,1390,464,926
52,147,224,107,117,1321,607,714,239,118,121,77,38,39,107,54,53
52,28,0,0,0,0,0,0,283,109,174,284,109,175,116,45,71
52,68,0,0,0,0,0,0,0,0,0,13,9,4,1,1,0
52,137,0,0,0,0,0,0,0,0,0,14529,5452,9077,1815,740,1075
53,183,6,5,1,7,5,2,5,1,4,7,2,5,4,2,2
53,48,26,2,24,76,14,62,109,6,103,234,66,168,133,30,103
53,142,44,14,30,68,25,43,187,79,108,26,9,17,57,21,36
53,191,99,26,73,220,101,119,124,66,58,453,260,193,434,253,181
53,34,23,13,10,23,13,10,16,10,6,17,10,7,3,1,2
53,89,9,9,0,5,2,3,61,18,43,75,25,50,23,9,14
53,205,7,3,4,9,3,6,6,3,3,18,8,10,2,1,1
53,55,4,2,2,3,1,2,8,4,4,14,7,7,1,0,1
53,211,14,7,7,16,8,8,1,0,1,2,1,1,1,1,0
53,18,12,11,1,12,11,1,1,1,0,2,2,0,1,1,0
53,31,41,23,18,41,23,18,62,38,24,53,32,21,23,11,12
53,56,62,50,12,62,50,12,73,38,35,46,21,25,57,28,29
53,95,83,44,39,82,44,38,98,46,52,98,46,52,48,3,45
53,162,38,26,12,32,23,9,18,13,5,25,16,9,9,5,4
53,169,0,0,0,0,0,0,0,0,0,1,1,0,52,33,19
53,170,302,63,239,293,13,280,14,11,3,53,38,15,42,22,20
53,187,26,18,8,41,28,13,11,8,3,12,9,3,25,18,7
53,59,68,26,42,68,26,42,132,60,72,131,60,71,51,21,30
53,73,52,35,17,51,35,16,117,67,50,117,67,50,193,115,78
53,96,4,2,2,3,2,1,11,4,7,11,4,7,12,4,8
53,101,28,12,16,52,24,28,6,3,3,15,10,5,2,0,2
53,114,24,18,6,25,18,7,6,4,2,7,5,2,10,6,4
53,153,5,3,2,160,56,104,283,77,206,228,74,154,246,116,130
53,199,218,125,93,101,55,46,343,144,199,507,254,253,373,185,188
53,218,442,188,254,452,191,261,597,315,282,732,387,345,292,126,166
53,83,57,26,31,63,27,36,76,26,50,76,26,50,18,13,5
53,104,5108,408,4700,5107,408,4699,10902,3359,7543,10902,3359,7543,912,453,459
53,163,134,58,76,146,64,82,600,104,496,435,59,376,175,18,157
53,182,19,10,9,8,3,5,0,0,0,0,0,0,1,0,1
53,188,2,1,1,4,2,2,6,2,4,30,13,17,26,16,10
53,193,6460,2994,3466,17424,8012,9412,25876,11817,14059,31575,14566,17009,22074,9011,13063
53,12,62,25,37,62,25,37,72,12,60,71,11,60,127,41,86
53,19,69,23,46,63,22,41,244,81,163,80,34,46,108,65,43
53,74,66,8,58,65,7,58,1582,736,846,675,127,548,361,133,228
53,80,2259,755,1504,2258,755,1503,3397,1209,2188,3396,1209,2187,484,199,285
53,121,2,0,2,1,1,0,3,0,3,2,0,2,7,2,5
53,145,147,57,90,164,61,103,378,136,242,177,32,145,134,63,71
53,200,550,314,236,557,320,237,291,76,215,390,25,365,485,328,157
53,7,3,1,2,2,1,1,1,0,1,1,1,0,1,0,1
53,14,31,14,17,31,15,16,130,35,95,130,36,94,31,8,23
53,17,0,0,0,0,0,0,42,21,21,14,7,7,2,1,1
53,25,674,229,445,675,229,446,129,44,85,2059,700,1359,5,2,3
53,38,261,143,118,262,144,118,49,40,9,47,39,8,9,5,4
53,61,1,0,1,1,0,1,1,0,1,2,2,0,2,1,1
53,62,756,353,403,755,353,402,2327,1284,1043,2369,1306,1063,202,111,91
53,92,213,128,85,212,128,84,293,175,118,292,174,118,279,165,114
53,105,91,56,35,91,56,35,49,18,31,49,18,31,39,19,20
53,164,286,244,42,239,224,15,2015,965,1050,4157,2038,2119,439,175,264
53,174,3,2,1,5,2,3,3,1,2,2,1,1,1,1,0
53,186,0,0,0,0,0,0,397,147,250,398,148,250,33,11,22
53,209,4,2,2,4,2,2,2,1,1,32,20,12,2,2,0
53,50,946,448,498,833,434,399,1515,823,692,2793,1475,1318,228,106,122
53,65,2,1,1,2,0,2,22,13,9,21,12,9,5,3,2
53,88,72,59,13,71,58,13,78,61,17,78,62,16,86,55,31
53,94,10,7,3,11,8,3,9,5,4,10,5,5,13,10,3
53,133,2198,1097,1101,2409,1210,1199,1754,1039,715,2801,1566,1235,5831,3512,2319
53,148,185,113,72,43,36,7,63,45,18,56,37,19,68,44,24
53,157,871,463,408,720,386,334,317,200,117,412,267,145,420,243,177
53,8,446,282,164,446,282,164,608,299,309,609,300,309,4,2,2
53,24,206,111,95,202,109,93,505,250,255,502,248,254,250,127,123
53,28,452,293,159,452,293,159,369,229,140,344,214,130,420,249,171
53,42,1233,655,578,1233,656,577,564,147,417,564,146,418,1193,536,657
53,46,79,61,18,79,62,17,23,10,13,248,173,75,121,82,39
53,63,122,68,54,122,68,54,224,138,86,593,311,282,935,506,429
53,160,82,52,30,96,58,38,113,68,45,65,41,24,67,42,25
53,225,956,408,548,675,275,400,444,155,289,441,148,293,610,234,376
53,22,4,2,2,3,1,2,6,5,1,6,5,1,0,0,0
53,37,1725,828,897,1807,868,939,3860,1969,1891,4408,2252,2156,1591,790,801
53,220,51752,25351,26401,83993,42047,41946,59456,30822,28634,70880,25188,45692,128232,58901,69331
53,11,77,38,39,52,25,27,150,70,80,140,80,60,117,75,42
53,68,0,0,0,0,0,0,0,0,0,19,10,9,1,0,1
53,54,0,0,0,0,0,0,0,0,0,215,103,112,18,9,9
54,145,6138,2689,3449,7684,3397,4287,9251,4476,4775,1290,420,870,882,570,312
54,7,3,1,2,3,1,2,1,0,1,1,1,0,1,0,1
54,10,657,347,310,656,347,309,312,165,147,271,143,128,121,64,57
54,25,57,33,24,57,33,24,147,77,70,1217,467,750,498,239,259
54,38,5,4,1,5,4,1,1,1,0,1,1,0,1,0,1
54,176,5,3,2,5,3,2,2,1,1,2,1,1,3,2,1
54,186,0,0,0,0,0,0,684,348,336,684,348,336,57,28,29
54,157,27,5,22,34,7,27,50,6,44,46,5,41,5,3,2
54,24,28,15,13,137,69,68,137,70,67,14,8,6,15,7,8
54,46,2,1,1,2,0,2,4,2,2,10,6,4,6,3,3
54,11,19,13,6,16,10,6,20,0,20,20,10,10,17,3,14
55,39,3,1,2,3,1,2,3,2,1,0,0,0,1,0,1
55,64,21,12,9,14,8,6,12,8,4,6,2,4,15,2,13
55,191,360,275,85,731,431,300,400,182,218,1452,733,719,1391,715,676
55,194,29,24,5,30,18,12,61,20,41,125,66,59,4,3,1
55,107,74,36,38,73,35,38,71,49,22,66,43,23,158,102,56
55,211,224,29,195,260,38,222,295,16,279,304,10,294,283,64,219
55,31,23,16,7,23,16,7,47,32,15,38,27,11,480,265,215
55,56,7,6,1,7,6,1,29,24,5,24,20,4,23,16,7
55,95,99,81,18,99,80,19,44,24,20,44,25,19,18,14,4
55,162,9,6,3,7,5,2,82,50,32,88,54,34,9,5,4
55,169,14,7,7,14,6,8,10,3,7,8,5,3,24,9,15
55,170,35,11,24,33,2,31,138,58,80,128,52,76,13,4,9
55,187,28,15,13,37,20,17,9,5,4,9,6,3,20,12,8
55,59,20,9,11,20,10,10,4,2,2,3,2,1,26,13,13
55,73,11,8,3,11,8,3,32,22,10,31,21,10,81,54,27
55,96,1,0,1,1,1,0,1,1,0,1,1,0,3,2,1
55,101,50,24,26,88,46,42,82,48,34,42,13,29,6,1,5
55,114,0,0,0,1,0,1,9,4,5,10,4,6,4,2,2
55,120,1,0,1,1,0,1,16,12,4,14,9,5,5,4,1
55,153,21,11,10,14,9,5,9,4,5,11,9,2,71,45,26
55,199,67,42,25,31,18,13,27,18,9,94,49,45,181,97,84
55,218,1230,1039,191,1003,485,518,2746,1837,909,3146,1460,1686,9317,4073,5244
55,83,11904,7238,4666,11350,7269,4081,384,129,255,385,129,256,942,708,234
55,104,77,36,41,76,35,41,228,103,125,227,102,125,14,7,7
55,127,4,2,2,6,4,2,7,3,4,6,5,1,10,7,3
55,163,6,3,3,8,3,5,5,3,2,2,2,0,3,1,2
55,182,113,63,50,49,25,24,2,2,0,4,3,1,4,2,2
55,193,16,10,6,89,49,40,62,24,38,117,55,62,57,27,30
55,12,23,13,10,23,14,9,27,12,15,26,12,14,48,27,21
55,19,0,0,0,2,1,1,89,47,42,161,71,90,99,45,54
55,74,35,8,27,34,7,27,205,60,145,95,40,55,78,35,43
55,80,303,151,152,302,150,152,429,236,193,428,235,193,62,34,28
55,121,1,0,1,2,1,1,19,10,9,20,10,10,23,12,11
55,145,58,34,24,65,36,29,50,28,22,85,35,50,181,105,76
55,200,30,18,12,31,17,14,25,8,17,32,0,32,56,42,14
55,50,2,1,1,0,0,0,1,1,0,2,2,0,0,0,0
55,8,2,0,2,2,0,2,26,11,15,26,11,15,0,0,0
55,24,3,2,1,4,2,2,0,0,0,0,0,0,0,0,0
55,42,2,0,2,2,1,1,2,1,1,2,1,1,5,1,4
55,225,1,1,0,0,0,0,0,0,0,2,1,1,0,0,0
55,37,54,16,38,153,65,88,376,124,252,139,1,138,447,229,218
55,220,301,201,100,726,456,270,2096,1225,871,2258,1114,1144,2969,1645,1324
55,11,192,155,37,1078,705,373,370,320,50,1100,650,450,710,271,439
55,68,0,0,0,0,0,0,0,0,0,13,6,7,1,1,0
56,64,59,31,28,43,23,20,28,18,10,14,2,12,41,3,38
56,142,5,1,4,6,2,4,22,7,15,3,0,3,7,2,5
56,191,174,81,93,47,26,21,162,79,83,590,316,274,563,306,257
56,136,1,0,1,1,0,1,3,3,0,5,4,1,1,1,0
56,55,70,20,50,69,19,50,142,44,98,271,94,177,32,16,16
56,107,6,3,3,5,2,3,13,8,5,13,7,6,29,17,12
56,211,389,192,197,393,193,200,32,4,28,33,4,29,28,6,22
56,18,18,5,13,16,4,12,4,1,3,4,1,3,5,1,4
56,31,151,63,88,151,63,88,225,103,122,196,90,106,196,99,97
56,95,510,190,320,510,191,319,256,109,147,256,109,147,32,21,11
56,162,1272,608,664,1088,513,575,965,286,679,793,234,559,167,44,123
56,167,169,75,94,114,50,64,70,17,53,42,29,13,14,10,4
56,169,138,27,111,174,71,103,44,5,39,52,34,18,508,194,314
56,170,394,326,68,261,72,189,1340,731,609,1600,860,740,210,76,134
56,187,11148,3385,7763,21293,7602,13691,7058,3455,3603,7977,3803,4174,15560,7823,7737
56,59,14,5,9,14,6,8,341,158,183,341,159,182,256,110,146
56,73,12,7,5,11,6,5,161,84,77,161,85,76,360,194,166
56,96,21,9,12,21,9,12,37,19,18,37,20,17,21,15,6
56,101,1172,553,619,1963,990,973,1696,1152,544,857,399,458,128,35,93
56,114,64,20,44,64,20,44,39,36,3,34,31,3,41,22,19
56,120,8,4,4,17,9,8,24,12,12,13,4,9,14,8,6
56,153,37,15,22,321,137,184,383,147,236,465,278,187,794,445,349
56,199,47,15,32,22,6,16,301,150,151,652,363,289,464,188,276
56,218,1703,70,1633,1779,23,1756,11652,5137,6515,13564,6000,7564,4570,1499,3071
56,52,428,92,336,382,87,295,67,37,30,66,36,30,6,0,6
56,83,674,357,317,722,347,375,418,78,340,417,77,340,201,149,52
56,104,2369,53,2316,2369,54,2315,2363,785,1578,2363,785,1578,302,150,152
56,127,2,1,1,18,10,8,18,8,10,30,1,29,19,9,10
56,163,44,18,26,48,20,28,60,15,45,29,4,25,22,0,22
56,182,337,107,230,145,39,106,7,7,0,12,4,8,12,4,8
56,188,47,10,37,46,12,34,83,29,54,25,9,16,27,7,20
56,193,273,94,179,687,271,416,2723,1074,1649,4172,1917,2255,482,237,245
56,204,4,2,2,3,1,2,1,1,0,2,1,1,3,1,2
56,12,3883,1838,2045,3882,1838,2044,4482,1198,3284,4482,1199,3283,7975,3194,4781
56,19,132,39,93,120,35,85,881,317,564,1185,459,726,1076,457,619
56,74,373,27,346,373,28,345,7672,2934,4738,3803,1371,2432,688,232,456
56,80,36491,24438,12053,36491,24439,12052,212282,76364,135918,212281,76364,135917,18109,7463,10646
56,119,2,2,0,2,2,0,20,2,18,21,1,20,4,3,1
56,121,7,2,5,10,3,7,253,82,171,258,83,175,315,112,203
56,145,571,139,432,708,175,533,1509,510,999,5763,1741,4022,274,141,133
56,200,178,1,177,206,33,173,1222,308,914,1748,159,1589,2121,1416,705
56,53,98,50,48,98,50,48,3,1,2,19,7,12,19,7,12
56,62,2,1,1,1,0,1,7,4,3,6,4,2,2,1,1
56,133,97,57,40,95,48,47,19,10,9,18,3,15,79,28,51
56,157,4,2,2,6,3,3,4,1,3,5,1,4,5,2,3
56,8,94,7,87,94,7,87,985,338,647,986,338,648,6,2,4
56,24,53,24,29,54,25,29,12,3,9,11,2,9,7,2,5
56,28,188,129,59,189,129,60,352,177,175,363,183,180,90,49,41
56,42,72,33,39,72,33,39,27,4,23,28,5,23,57,19,38
56,46,29,17,12,29,17,12,18,10,8,9,5,4,3,2,1
56,63,13,9,4,13,10,3,24,19,5,62,44,18,98,71,27
56,160,8,5,3,10,5,5,12,6,6,6,4,2,6,4,2
56,225,5,2,3,6,3,3,16,9,7,17,8,9,22,9,13
56,37,74,4,70,443,180,263,1657,852,805,2737,1401,1336,2434,1183,1251
56,220,3673,1532,2141,822,278,544,5686,2641,3045,4736,2993,1743,1742,961,781
56,11,1839,1298,541,2781,1783,998,590,10,580,570,330,240,697,211,486
56,147,65,31,34,384,176,208,210,102,108,250,121,129,233,111,122
56,68,0,0,0,0,0,0,0,0,0,67,40,27,5,3,2
56,137,0,0,0,0,0,0,0,0,0,115,66,49,5,3,2
57,215,1,1,0,106,79,27,1,0,1,1,1,0,1,0,1
57,77,10,6,4,16,9,7,7,4,3,12,7,5,9,5,4
57,64,24,14,10,17,10,7,14,10,4,7,3,4,18,5,13
57,142,7,7,0,9,9,0,28,28,0,4,4,0,9,9,0
57,191,62,5,57,37,5,32,11,2,9,41,8,33,15,4,11
57,184,1,1,0,1,1,0,1,0,1,1,1,0,1,1,0
57,108,12720,6250,6470,12719,6249,6470,6336,3765,2571,6335,3764,2571,3685,2365,1320
57,112,258,122,136,243,115,128,368,161,207,344,151,193,236,110,126
57,202,55,5,50,57,15,42,53,30,23,50,23,27,1,1,0
57,136,5,5,0,6,4,2,209,159,50,241,190,51,49,30,19
57,35,33,20,13,32,19,13,19,11,8,19,11,8,5,3,2
57,161,1908,950,958,2804,1389,1415,315,167,148,119,86,33,88,48,40
57,203,0,0,0,0,0,0,0,0,0,0,0,0,0,0,0
57,226,172,93,79,420,250,170,219,141,78,379,193,186,257,139,118
57,55,4,1,3,3,1,2,7,2,5,13,5,8,2,1,1
57,79,149,71,78,149,71,78,427,202,225,433,204,229,117,54,63
57,107,31,23,8,31,24,7,46,38,8,42,33,9,101,81,20
57,211,10,6,4,11,5,6,0,0,0,0,0,0,0,0,0
57,18,17,12,5,18,13,5,2,1,1,3,1,2,3,2,1
57,31,0,0,0,0,0,0,17,8,9,16,8,8,34,17,17
57,56,11,3,8,11,3,8,20,6,14,22,6,16,18,16,2
57,170,910,228,682,885,48,837,2080,1581,499,2005,1446,559,199,141,58
57,59,48,24,24,47,23,24,48,25,23,47,25,22,34,22,12
57,73,1,1,0,1,0,1,1,0,1,1,1,0,2,1,1
57,101,45,17,28,83,36,47,10,5,5,25,17,8,3,0,3
57,114,95,41,54,95,41,54,0,0,0,0,0,0,3,2,1
57,153,5,4,1,2,0,2,6,4,2,15,9,6,2,1,1
57,199,8,6,2,4,2,2,18,6,12,12,5,7,2,1,1
57,218,5,5,0,6,5,1,7990,3358,4632,8642,3676,4966,2054,725,1329
57,83,273,270,3,271,267,4,12,7,5,12,7,5,1,1,0
57,104,20,6,14,19,5,14,43,22,21,42,22,20,2,1,1
57,163,1,0,1,3,1,2,33,14,19,27,11,16,6,0,6
57,193,10,5,5,307,169,138,173,96,77,58,41,17,12,6,6
57,12,199,92,107,198,93,105,229,58,171,229,60,169,407,159,248
57,19,1,1,0,12,4,8,124,49,75,237,94,143,216,119,97
57,74,3,0,3,3,0,3,25,9,16,24,9,15,5,2,3
57,80,176,35,141,175,35,140,632,79,553,631,78,553,100,33,67
57,145,0,0,0,2,2,0,23,17,6,9,3,6,67,37,30
57,200,127,45,82,128,45,83,28,2,26,73,18,55,74,47,27
57,50,1,1,0,8,3,5,10,6,4,18,9,9,1,0,1
57,94,2,1,1,1,1,0,1,1,0,1,0,1,1,1,0
57,133,883,463,420,937,494,443,1124,577,547,1003,514,489,9,7,2
57,8,1,1,0,1,1,0,7,7,0,8,8,0,0,0,0
57,24,59,30,29,60,31,29,3,2,1,3,2,1,1,1,0
57,42,182,99,83,183,100,83,1,1,0,2,1,1,2,2,0
57,46,27,25,2,29,26,3,18,13,5,34,26,8,13,8,5
57,63,20,11,9,20,11,9,36,22,14,96,50,46,151,81,70
57,160,7,4,3,10,5,5,11,6,5,6,4,2,6,4,2
57,225,1,0,1,0,0,0,1,1,0,3,1,2,2,0,2
57,37,2,1,1,3,1,2,246,112,134,267,123,144,73,33,40
57,11,187,101,86,173,94,79,40,40,0,130,100,30,88,44,44
57,28,0,0,0,0,0,0,71,43,28,72,44,28,29,18,11
57,68,0,0,0,0,0,0,0,0,0,6,5,1,0,0,0
58,33,4793,2189,2604,3496,1701,1795,46148,23953,22195,53512,27607,25905,30157,15404,14753
58,67,409,203,206,408,202,206,218,129,89,217,130,87,29,25,4
58,69,15,12,3,27,20,7,15,14,1,8,0,8,19,9,10
58,109,7,5,2,156,93,63,2449,1265,1184,2847,1354,1493,5761,2871,2890
58,123,1143,833,310,92,52,40,112,63,49,40,23,17,27,14,13
58,140,533,295,238,455,238,217,535,237,298,541,260,281,87,36,51
58,171,31244,15341,15903,69650,33562,36088,38297,17731,20566,12566,5375,7191,16339,6852,9487
58,192,0,0,0,0,0,0,0,0,0,67795,36414,31381,14960,9624,5336
58,215,9729,3693,6036,17414,7124,10290,11032,5344,5688,60731,31603,29128,136679,70078,66601
58,219,2480,1486,994,88952,45438,43514,53141,46350,6791,89959,73012,16947,2136,983,1153
58,230,4228,2157,2071,26712,13643,13069,15505,7824,7681,52809,27207,25602,7524,3790,3734
58,5,2779,1154,1625,2778,1154,1624,6605,2915,3690,6604,2915,3689,12248,5618,6630
58,39,7337,3101,4236,5555,2212,3343,6135,2900,3235,207,91,116,2504,1254,1250
58,40,102,55,47,101,54,47,92,67,25,38,16,22,59,30,29
58,48,43404,21917,21487,73060,35885,37175,46904,34601,12303,21458,5619,15839,81774,41758,40016
58,77,537,289,248,915,492,423,398,216,182,642,349,293,524,277,247
58,64,5,3,2,2,2,0,18,14,4,9,4,5,23,8,15
58,118,34,25,9,37,29,8,52,42,10,33,27,6,49,37,12
58,196,1879,902,977,1598,764,834,1247,598,649,6924,3443,3481,19749,10016,9733
58,27,323,158,165,412,203,209,642,314,328,649,319,330,839,402,437
58,142,206,83,123,322,146,176,875,434,441,121,55,66,265,120,145
58,191,506,269,237,950,835,115,6894,1490,5404,8372,6520,1852,46603,23602,23001
58,198,16,9,7,56,27,29,33,14,19,30,11,19,21,15,6
58,81,2,1,1,2,0,2,7,4,3,2,1,1,5,3,2
58,130,4,3,1,13,11,2,22,11,11,73,44,29,47,27,20
58,206,35,17,18,39,18,21,164,72,92,74,55,19,62,29,33
58,161,0,0,0,1,0,1,14,7,7,16,8,8,2,1,1
58,203,0,0,0,2,1,1,6,4,2,7,3,4,3,2,1
58,55,71,29,42,70,28,42,144,62,82,275,127,148,32,19,13
58,211,10,8,2,11,7,4,2,2,0,10,5,5,33,19,14
58,31,3,3,0,2,2,0,3,2,1,3,3,0,2,2,0
58,56,4,3,1,4,3,1,21,14,7,18,12,6,30,15,15
58,95,4,3,1,3,2,1,4,3,1,4,3,1,6,4,2
58,59,50,28,22,49,27,22,226,110,116,226,110,116,370,194,176
58,73,134,86,48,133,85,48,407,193,214,406,192,214,685,223,462
58,96,1,1,0,0,0,0,0,0,0,0,0,0,0,0,0
58,101,17,7,10,33,15,18,4,2,2,9,5,4,1,0,1
58,153,5,0,5,7,2,5,111,62,49,16,7,9,99,46,53
58,199,147,80,67,68,35,33,361,175,186,886,417,469,915,448,467
58,218,3503,1712,1791,3582,1746,1836,4667,1792,2875,5721,2346,3375,2303,873,1430
58,83,271,65,206,287,65,222,500,218,282,501,219,282,9,7,2
58,104,913,435,478,913,435,478,2028,1039,989,2027,1038,989,109,54,55
58,163,546,264,282,589,286,303,317,230,87,273,63,210,156,79,77
58,193,329,211,118,738,466,272,494,282,212,420,252,168,146,133,13
58,12,50,31,19,49,31,18,57,26,31,57,27,30,101,56,45
58,19,416,109,307,397,261,136,3382,1420,1962,3567,1586,1981,8522,4008,4514
58,74,1051,256,795,1051,257,794,14716,6591,8125,21598,9557,12041,5795,2579,3216
58,80,4969,2420,2549,4968,2420,2548,2980,1907,1073,2980,1906,1074,291,149,142
58,121,5,2,3,4,3,1,11,2,9,10,2,8,33,19,14
58,145,1064,609,455,1176,669,507,1189,422,767,663,479,184,104,2,102
58,200,1789,964,825,1799,972,827,677,245,432,776,69,707,1024,732,292
58,50,0,0,0,0,0,0,1,0,1,2,0,2,0,0,0
58,133,1,0,1,2,0,2,28,18,10,35,23,12,19,15,4
58,148,4,3,1,12,8,4,13,8,5,2,2,0,3,2,1
58,24,2,2,0,2,1,1,1,0,1,1,0,1,0,0,0
58,42,2,1,1,1,0,1,2,1,1,2,1,1,5,1,4
58,37,4105,1976,2129,4241,2043,2198,4267,1955,2312,5121,2381,2740,2272,1066,1206
58,220,717,368,349,885,457,428,6859,3441,3418,7005,3340,3665,4190,2025,2165
58,11,36,14,22,19,6,13,60,20,40,2110,1080,1030,1202,624,578
58,36,0,0,0,0,0,0,4102,2138,1964,837,366,471,435,283,152
58,28,0,0,0,0,0,0,48,35,13,48,35,13,20,15,5
58,68,0,0,0,0,0,0,0,0,0,2,2,0,0,0,0
59,215,6,5,1,13,1,12,2,1,1,1,1,0,2,1,1
59,39,1,0,1,1,0,1,1,1,0,0,0,0,0,0,0
59,64,39,21,18,19,10,9,42,29,13,21,6,15,53,5,48
59,118,121,34,87,108,19,89,101,79,22,59,42,17,87,57,30
59,27,4,3,1,6,3,3,96,49,47,97,50,47,98,49,49
59,142,8,5,3,10,8,2,32,21,11,5,3,2,10,6,4
59,191,257,83,174,187,174,13,206,98,108,747,388,359,715,379,336
59,202,46,4,42,48,13,35,43,24,19,41,19,22,4,3,1
59,106,127,48,79,35,27,8,71,35,36,28,10,18,27,10,17
59,161,269,105,164,395,164,231,220,100,120,190,93,97,6,3,3
59,203,37,35,2,45,24,21,60,36,24,96,63,33,76,49,27
59,23,3,2,1,3,2,1,6,4,2,6,4,2,2,1,1
59,55,18,7,11,17,6,11,35,14,21,68,30,38,8,4,4
59,103,221,55,166,150,37,113,214,49,165,233,53,180,58,12,46
59,107,7,6,1,6,5,1,26,19,7,25,17,8,60,42,18
59,211,1156,549,607,1165,551,614,95,8,87,98,7,91,86,18,68
59,18,38,18,20,38,18,20,8,5,3,8,4,4,9,5,4
59,31,11,8,3,10,7,3,15,11,4,14,11,3,89,55,34
59,56,16,10,6,16,10,6,108,87,21,94,79,15,34,18,16
59,95,104,63,41,103,63,40,58,36,22,57,35,22,86,59,27
59,162,145,69,76,124,59,65,87,86,1,112,96,16,34,13,21
59,169,11,6,5,7,3,4,16,5,11,14,7,7,26,9,17
59,170,101,57,44,16,13,3,1151,566,585,1178,579,599,4,1,3
59,187,66,42,24,86,53,33,20,13,7,21,14,7,43,30,13
59,68,14,9,5,13,9,4,42,32,10,41,31,10,10,7,3
59,70,1102,682,420,457,214,243,609,344,265,204,96,108,216,81,135
59,73,22,20,2,24,21,3,155,95,60,155,96,59,303,159,144
59,96,127,77,50,127,77,50,335,204,131,335,205,130,361,178,183
59,101,35,25,10,163,95,68,285,115,170,156,2,154,21,2,19
59,114,58,53,5,58,52,6,71,58,13,66,52,14,47,38,9
59,120,12,9,3,25,18,7,149,89,60,118,64,54,54,36,18
59,153,255,127,128,552,540,12,797,633,164,469,464,5,2609,1744,865
59,199,5602,2810,2792,2579,1225,1354,4412,2875,1537,2946,1657,1289,2217,1146,1071
59,218,1922,883,1039,2190,957,1233,1316,811,505,2891,1549,1342,2742,941,1801
59,4,27,13,14,27,14,13,2,1,1,19,9,10,98,41,57
59,52,6,1,5,11,3,8,37,19,18,37,20,17,1,1,0
59,83,522,113,409,501,125,376,54,37,17,54,37,17,44,32,12
59,104,1059,215,844,1060,215,845,314,191,123,313,190,123,77,38,39
59,127,3,2,1,22,12,10,23,11,12,62,38,24,31,21,10
59,163,39,18,21,53,25,28,22,16,6,41,15,26,34,9,25
59,182,80,41,39,64,30,34,37,17,20,4,2,2,5,3,2
59,188,5,2,3,6,2,4,5,4,1,22,10,12,4,2,2
59,193,750,395,355,2677,1349,1328,1202,654,548,2813,1543,1270,98,6,92
59,12,100,51,49,100,52,48,116,38,78,115,37,78,205,91,114
59,19,471,234,237,390,202,188,70,34,36,119,34,85,194,83,111
59,74,219,10,209,219,10,209,750,18,732,559,532,27,489,155,334
59,80,1799,819,980,1799,820,979,2422,1212,1210,2421,1212,1209,865,371,494
59,119,3,3,0,3,3,0,6,5,1,7,5,2,1,0,1
59,121,175,93,82,192,102,90,7,4,3,25,11,14,879,441,438
59,145,432,141,291,521,172,349,236,163,73,42,12,30,272,190,82
59,200,333,254,79,344,267,77,501,135,366,704,57,647,895,605,290
59,14,14,7,7,15,9,6,11,7,4,11,7,4,1,0,1
59,38,7,4,3,7,4,3,1,0,1,1,1,0,1,0,1
59,62,8,6,2,7,6,1,30,28,2,31,28,3,1,0,1
59,50,9,5,4,10,5,5,17,11,6,31,18,13,3,2,1
59,133,43,16,27,57,24,33,69,32,37,34,12,22,3,2,1
59,148,11,7,4,2,1,1,2,1,1,3,3,0,3,2,1
59,157,9,7,2,12,8,4,41,35,6,45,38,7,21,17,4
59,8,13,3,10,13,3,10,135,61,74,135,60,75,1,0,1
59,24,34,17,17,33,16,17,8,3,5,6,2,4,15,6,9
59,28,86,25,61,88,26,62,21,12,9,15,7,8,100,68,32
59,42,29,15,14,29,15,14,43,10,33,43,10,33,91,39,52
59,46,2,1,1,2,1,1,2,2,0,10,6,4,6,4,2
59,63,8,5,3,7,5,2,14,11,3,36,24,12,57,39,18
59,160,22,13,9,26,14,12,31,17,14,17,10,7,18,11,7
59,225,2,1,1,2,2,0,5,3,2,7,5,2,9,5,4
59,22,3,1,2,2,0,2,4,3,1,4,3,1,0,0,0
59,37,1580,809,771,1126,587,539,1986,517,1469,1026,7,1019,1759,953,806
59,84,2015,1457,558,799,441,358,289,152,137,751,506,245,469,409,60
59,220,2454,783,1671,1123,223,900,964,275,689,589,543,46,630,178,452
59,11,267,70,197,284,175,109,530,190,340,250,50,200,1005,514,491
59,147,181,79,102,433,173,260,30,13,17,31,14,17,9,3,6
59,137,0,0,0,0,0,0,0,0,0,93,18,75,4,1,3
60,69,997,679,318,1357,899,458,518,470,48,285,1,284,680,305,375
60,64,6,1,5,24,11,13,52,39,13,26,11,15,65,18,47
60,118,169,130,39,184,147,37,171,139,32,110,85,25,161,114,47
60,55,1,0,1,0,0,0,1,0,1,2,0,2,0,0,0
60,31,1,1,0,0,0,0,1,1,0,0,0,0,0,0,0
60,56,1,0,1,1,1,0,2,1,1,0,0,0,0,0,0
60,59,3,1,2,1,0,1,3,0,3,3,1,2,3,2,1
60,73,1,0,1,1,1,0,2,0,2,2,0,2,2,1,1
60,96,0,0,0,0,0,0,1,1,0,0,0,0,4,4,0
60,101,1,1,0,1,0,1,0,0,0,1,1,0,0,0,0
60,153,3,3,0,8,3,5,1,0,1,22,9,13,20,6,14
60,199,9,4,5,4,1,3,12,6,6,35,14,21,200,102,98
60,218,98,44,54,101,44,57,87,30,57,115,44,71,52,17,35
60,83,10,4,6,11,5,6,8,3,5,8,4,4,1,1,0
60,104,10,4,6,10,5,5,34,15,19,33,14,19,2,1,1
60,193,2,1,1,38,27,11,21,15,6,7,2,5,8,3,5
60,12,1,0,1,0,0,0,1,1,0,0,0,0,1,1,0
60,19,0,0,0,2,1,1,153,79,74,239,126,113,344,143,201
60,74,99,28,71,98,27,71,2768,1265,1503,216,138,78,496,241,255
60,145,22,11,11,26,11,15,29,9,20,5,2,3,6,5,1
60,200,14,9,5,16,10,6,8,4,4,10,1,9,15,11,4
60,42,0,0,0,0,0,0,0,0,0,0,0,0,0,0,0
60,37,189,91,98,196,94,102,447,171,276,504,197,307,170,71,99
60,11,29,12,17,27,12,15,10,0,10,20,10,10,69,34,35
61,55,0,0,0,0,0,0,0,0,0,0,0,0,0,0,0
61,31,0,0,0,0,0,0,1,1,0,0,0,0,1,1,0
61,56,0,0,0,0,0,0,1,1,0,1,1,0,0,0,0
61,59,3,2,1,2,1,1,3,1,2,1,0,1,4,2,2
61,73,1,1,0,0,0,0,1,1,0,1,1,0,3,3,0
61,96,1,1,0,0,0,0,1,0,1,0,0,0,1,1,0
61,101,1,1,0,1,0,1,0,0,0,1,1,0,0,0,0
61,199,6,3,3,4,2,2,1,1,0,3,2,1,4,4,0
61,218,2756,1255,1501,2820,1282,1538,456,272,184,57,9,48,751,298,453
61,83,175,92,83,187,95,92,189,20,169,190,20,170,0,0,0
61,104,22,7,15,22,8,14,147,39,108,146,39,107,8,4,4
61,193,49,16,33,226,72,154,119,52,67,182,84,98,31,3,28
61,12,4,1,3,3,1,2,4,0,4,4,1,3,8,3,5
61,19,0,0,0,1,0,1,7,2,5,5,5,0,6,4,2
61,74,24,0,24,24,0,24,6624,2188,4436,1460,545,915,487,142,345
61,121,7,3,4,4,1,3,15,1,14,14,1,13,41,16,25
61,145,15,6,9,19,8,11,15,5,10,10,0,10,3,0,3
61,200,65,28,37,66,28,38,54,7,47,76,8,68,54,32,22
61,7,728,274,454,728,274,454,282,122,160,282,122,160,283,123,160
61,10,9,2,7,9,1,8,10,5,5,13,6,7,5,1,4
61,14,8,7,1,10,8,2,11,1,10,11,1,10,6,3,3
61,17,41,18,23,42,19,23,108,34,74,105,34,71,16,6,10
61,25,860,328,532,859,327,532,6,3,3,87,43,44,2,2,0
61,29,109,42,67,108,42,66,122,55,67,121,55,66,121,55,66
61,62,3,2,1,2,1,1,7,7,0,8,8,0,1,1,0
61,85,12,6,6,13,6,7,3,2,1,4,2,2,0,0,0
61,86,556,300,256,558,301,257,716,531,185,717,532,185,158,32,126
61,105,21,10,11,20,9,11,4,2,2,4,1,3,3,1,2
61,129,95,41,54,95,40,55,17,3,14,17,2,15,14,3,11
61,138,81,38,43,81,38,43,7,2,5,8,3,5,15,7,8
61,164,8,5,3,16,8,8,561,266,295,815,394,421,25,13,12
61,173,28,16,12,43,24,19,22,11,11,15,9,6,5,1,4
61,174,33,18,15,48,25,23,29,15,14,11,5,6,12,6,6
61,176,3,2,1,3,2,1,1,1,0,1,1,0,3,2,1
61,186,0,0,0,0,0,0,717,369,348,718,370,348,60,29,31
61,221,841,401,440,849,404,445,297,155,142,299,156,143,3,1,2
61,50,0,0,0,1,0,1,1,0,1,2,0,2,0,0,0
61,157,5,2,3,7,3,4,11,4,7,14,5,9,9,3,6
61,8,0,0,0,0,0,0,2,0,2,3,0,3,0,0,0
61,24,3,3,0,3,2,1,2,1,1,1,1,0,0,0,0
61,42,10,6,4,9,5,4,4,0,4,5,0,5,12,6,6
61,46,1,1,0,2,1,1,2,0,2,5,3,2,3,2,1
61,75,50,2,48,49,2,47,29,5,24,28,4,24,124,28,96
61,91,6,3,3,6,4,2,6,3,3,6,3,3,6,3,3
61,225,160,64,96,32,17,15,4,2,2,2,2,0,2,1,1
61,37,650,311,339,699,334,365,272,126,146,285,48,237,354,137,217
61,220,2298,1054,1244,1592,684,908,8918,4415,4503,9220,2478,6742,4198,1855,2343
61,11,3,3,0,3,3,0,10,10,0,0,0,0,21,10,11
61,28,0,0,0,0,0,0,10,5,5,11,5,6,4,2,2
61,54,0,0,0,0,0,0,0,0,0,99,17,82,8,2,6
62,55,1,0,1,1,0,1,2,0,2,5,1,4,1,1,0
62,31,3,1,2,3,1,2,5,2,3,4,2,2,8,4,4
62,56,1,1,0,1,1,0,15,9,6,14,8,6,24,10,14
62,95,12,6,6,12,7,5,6,4,2,6,4,2,4,4,0
62,162,1,0,1,2,1,1,8,2,6,10,2,8,1,1,0
62,169,0,0,0,0,0,0,0,0,0,0,0,0,35,19,16
62,59,21,6,15,21,6,15,26,7,19,26,8,18,35,16,19
62,73,12,5,7,12,5,7,47,26,21,46,25,21,73,33,40
62,96,2,1,1,1,0,1,8,3,5,8,3,5,11,3,8
62,101,3,2,1,7,5,2,0,0,0,2,2,0,0,0,0
62,114,0,0,0,0,0,0,0,0,0,1,1,0,1,1,0
62,153,75,22,53,108,38,70,146,54,92,181,73,108,233,103,130
62,199,36,17,19,17,8,9,154,73,81,175,87,88,149,73,76
62,218,213,98,115,219,100,119,373,211,162,446,253,193,162,77,85
62,83,70,48,22,75,49,26,205,41,164,204,40,164,30,21,9
62,104,4367,142,4225,4366,141,4225,12235,4880,7355,12234,4879,7355,1043,518,525
62,163,12,3,9,14,4,10,15,7,8,8,5,3,7,1,6
62,188,3,2,1,4,1,3,27,4,23,134,6,128,22,14,8
62,193,6494,2299,4195,15299,4427,10872,36096,14598,21498,63927,28192,35735,14393,4616,9777
62,12,221,87,134,220,86,134,255,40,215,254,39,215,453,140,313
62,19,4,2,2,21,5,16,71,36,35,90,80,10,202,69,133
62,74,15,0,15,14,0,14,3971,1150,2821,1227,278,949,264,77,187
62,80,1816,348,1468,1815,347,1468,3039,1119,1920,3039,1119,1920,370,112,258
62,119,1,1,0,1,0,1,30,10,20,32,11,21,11,3,8
62,121,3,1,2,1,0,1,5,1,4,3,0,3,13,7,6
62,145,1530,400,1130,1660,429,1231,1444,481,963,755,287,468,896,400,496
62,200,1225,631,594,1247,650,597,885,64,821,1849,403,1446,1603,953,650
62,6,107,66,41,106,65,41,79,51,28,53,34,19,47,30,17
62,7,423,128,295,422,128,294,106,39,67,106,39,67,106,39,67
62,10,787,282,505,786,282,504,288,188,100,210,162,48,214,75,139
62,14,20,11,9,20,12,8,93,58,35,92,57,35,22,12,10
62,25,86,79,7,85,79,6,547,174,373,7689,2364,5325,164,67,97
62,29,131,54,77,131,55,76,147,71,76,146,70,76,147,71,76
62,38,24,19,5,24,18,6,4,3,1,4,3,1,1,0,1
62,53,64,33,31,65,33,32,1,1,0,12,4,8,12,4,8
62,86,923,563,360,924,563,361,340,101,239,340,100,240,34,6,28
62,92,426,258,168,425,257,168,585,349,236,584,348,236,558,331,227
62,129,53,27,26,53,26,27,6,1,5,6,1,5,5,1,4
62,138,8,5,3,7,4,3,0,0,0,1,1,0,1,1,0
62,164,12118,6414,5704,12238,6465,5773,5420,2492,2928,3002,1717,1285,6090,2985,3105
62,174,6,2,4,11,5,6,6,3,3,3,2,1,2,1,1
62,186,0,0,0,0,0,0,1701,613,1088,1702,614,1088,143,48,95
62,213,171,104,67,172,104,68,30,17,13,30,20,10,22,18,4
62,221,1328,516,812,1333,517,816,721,290,431,723,291,432,3,1,2
62,50,7,2,5,282,86,196,289,104,185,533,180,353,44,11,33
62,65,3,3,0,2,2,0,13,7,6,13,8,5,3,2,1
62,88,15,10,5,14,9,5,14,13,1,13,12,1,14,9,5
62,94,3,2,1,3,2,1,2,1,1,3,1,2,3,2,1
62,133,320,134,186,357,154,203,125,78,47,279,154,125,389,193,196
62,148,13,7,6,3,3,0,5,3,2,4,3,1,5,3,2
62,157,2080,605,1475,2305,655,1650,368,207,161,666,365,301,1202,378,824
62,8,584,103,481,585,105,480,376,75,301,376,75,301,2,0,2
62,24,22,9,13,22,8,14,50,27,23,50,27,23,16,8,8
62,28,87,25,62,88,25,63,105,17,88,102,17,85,63,14,49
62,42,74,34,40,73,33,40,51,8,43,51,8,43,109,42,67
62,46,11,6,5,12,7,5,17,7,10,38,21,17,26,15,11
62,63,15,7,8,14,6,8,26,13,13,70,29,41,110,47,63
62,160,16,9,7,20,10,10,23,11,12,13,7,6,13,7,6
62,225,2040,638,1402,1947,648,1299,203,105,98,192,112,80,489,62,427
62,22,2,1,1,2,1,1,4,2,2,4,3,1,0,0,0
62,37,1173,559,614,1265,605,660,1631,865,766,2035,1073,962,1031,514,517
62,220,159539,67820,91719,180280,77811,102469,52625,24956,27669,61699,19323,42376,138873,58051,80822
62,11,19,11,8,18,10,8,20,10,10,50,20,30,49,24,25
62,68,0,0,0,0,0,0,0,0,0,1,1,0,0,0,0
62,54,0,0,0,0,0,0,0,0,0,5259,1242,4017,456,115,341
63,64,0,0,0,0,0,0,2,1,1,1,0,1,4,1,3
63,161,152,76,76,224,110,114,25,13,12,10,7,3,7,3,4
63,55,1,0,1,1,1,0,2,1,1,4,2,2,0,0,0
63,31,3,1,2,2,0,2,3,1,2,3,1,2,4,1,3
63,56,5,3,2,4,2,2,31,19,12,27,17,10,21,10,11
63,95,27,16,11,27,17,10,18,12,6,18,12,6,7,5,2
63,162,7,5,2,5,4,1,15,11,4,15,12,3,2,2,0
63,170,37,7,30,37,2,35,20,4,16,24,7,17,5,3,2
63,187,9,6,3,12,6,6,3,2,1,3,2,1,7,4,3
63,59,110,55,55,110,56,54,83,33,50,83,33,50,51,19,32
63,73,11,6,5,10,6,4,58,34,24,57,33,24,83,44,39
63,96,3,1,2,3,2,1,7,2,5,6,2,4,6,4,2
63,101,13,3,10,25,9,16,4,2,2,8,5,3,1,0,1
63,114,0,0,0,0,0,0,0,0,0,0,0,0,0,0,0
63,153,95,48,47,104,56,48,102,47,55,107,59,48,173,83,90
63,199,139,69,70,65,30,35,441,226,215,601,308,293,414,229,185
63,218,1242,522,720,1271,532,739,2504,1178,1326,2948,1408,1540,1034,411,623
63,83,19,11,8,22,12,10,20,6,14,20,7,13,4,3,1
63,104,10376,3353,7023,10375,3353,7022,33283,13973,19310,33283,13974,19309,1911,948,963
63,163,75,38,37,82,41,41,113,55,58,59,28,31,39,11,28
63,193,7872,3580,4292,12866,5948,6918,431907,209250,222657,40287,20551,19736,74908,44741,30167
63,12,47,24,23,46,24,22,54,18,36,54,18,36,97,44,53
63,19,3,2,1,30,10,20,728,278,450,953,418,535,1399,596,803
63,74,52,3,49,51,2,49,1812,797,1015,490,83,407,312,98,214
63,80,1145,392,753,1144,391,753,2331,813,1518,2331,813,1518,283,103,180
63,145,207,78,129,230,86,144,557,198,359,365,145,220,384,151,233
63,200,867,424,443,876,432,444,507,124,383,678,49,629,753,493,260
63,14,2,0,2,3,2,1,13,11,2,12,10,2,3,2,1
63,53,33,19,14,33,19,14,0,0,0,6,2,4,6,2,4
63,62,105,34,71,105,34,71,301,110,191,308,114,194,31,16,15
63,164,102,49,53,105,50,55,169,79,90,50,19,31,148,71,77
63,50,53,24,29,288,153,135,335,188,147,617,337,280,50,24,26
63,65,29,13,16,29,13,16,11,6,5,10,6,4,5,2,3
63,88,15,4,11,16,4,12,20,14,6,20,14,6,22,14,8
63,94,9,6,3,7,5,2,7,4,3,7,3,4,10,8,2
63,133,503,242,261,556,270,286,102,63,39,321,171,150,535,264,271
63,148,20,12,8,8,7,1,11,8,3,6,4,2,8,5,3
63,157,190,75,115,292,131,161,141,35,106,238,101,137,397,210,187
63,8,502,222,280,503,223,280,526,238,288,526,238,288,3,1,2
63,24,222,113,109,217,111,106,62,57,5,61,57,4,141,78,63
63,28,289,143,146,288,143,145,272,96,176,252,84,168,350,177,173
63,42,3347,1464,1883,3347,1465,1882,6580,3000,3580,6579,3000,3579,1455,1119,336
63,46,61,7,54,61,7,54,347,153,194,1667,980,687,948,567,381
63,160,364,173,191,420,185,235,494,219,275,286,132,154,299,138,161
63,225,2235,940,1295,2164,856,1308,2598,1475,1123,2776,1606,1170,2600,1037,1563
63,37,1677,791,886,1899,900,999,977,245,732,1712,604,1108,1640,733,907
63,220,73230,37412,35818,82082,42197,39885,55362,28807,26555,59702,26788,32914,29003,13825,15178
63,11,231,92,139,154,55,99,220,110,110,260,130,130,360,166,194
63,68,0,0,0,0,0,0,0,0,0,7,5,2,0,0,0
64,192,0,0,0,0,0,0,0,0,0,5287,3041,2246,258,58,200
64,230,96,54,42,56,32,24,33,20,13,48,36,12,66,12,54
64,39,14,8,6,15,11,4,14,7,7,0,0,0,6,3,3
64,118,3438,2583,855,3633,2811,822,2608,2091,517,1601,1201,400,2374,1614,760
64,139,105,64,41,62,22,40,32,8,24,150,72,78,480,237,243
64,196,431,244,187,441,250,191,1293,668,625,8945,4617,4328,1252,646,606
64,210,7,1,6,91,49,42,26,10,16,213,111,102,260,136,124
64,142,12,6,6,16,11,5,48,29,19,7,4,3,15,9,6
64,191,367,225,142,710,394,316,375,182,193,1365,728,637,1307,708,599
64,81,2,1,1,2,0,2,9,5,4,2,1,1,6,4,2
64,130,21,17,4,23,15,8,7,4,3,5,3,2,3,2,1
64,106,277,122,155,458,201,257,400,175,225,90,32,58,48,28,20
64,161,129,59,70,174,79,95,95,46,49,83,42,41,3,1,2
64,203,0,0,0,0,0,0,0,0,0,0,0,0,1,1,0
64,125,9,4,5,9,6,3,6,2,4,4,3,1,20,15,5
64,194,14,12,2,16,12,4,32,17,15,65,44,21,1,1,0
64,15,1720,1509,211,1789,1443,346,16367,10751,5616,25590,16809,8781,13515,8417,5098
64,55,534,291,243,534,291,243,1093,619,474,2082,1224,858,243,164,79
64,100,1983,950,1033,1843,1263,580,3143,2477,666,456,298,158,938,488,450
64,103,1049,341,708,230,137,93,1200,564,636,940,464,476,641,248,393
64,107,57983,41126,16857,57981,41474,16507,98823,70455,28368,52560,22648,29912,2945,2123,822
64,111,28874,6893,21981,20489,16588,3901,8327,4813,3514,40252,25459,14793,219721,118480,101241
64,115,26069,16693,9376,26082,16688,9394,15736,8930,6806,15722,8932,6790,46245,30967,15278
64,154,8733,5772,2961,4040,2516,1524,1287,990,297,3112,2284,828,48269,28446,19823
64,165,21,20,1,18,10,8,48237,35618,12619,87570,71509,16061,27509,23970,3539
64,180,8889,6554,2335,10064,7245,2819,88586,68100,20486,137921,104684,33237,125608,71911,53697
64,195,405,232,173,411,229,182,767,488,279,762,490,272,182,106,76
64,211,804,447,357,797,445,352,24,8,16,25,8,17,22,5,17
64,217,41944,33480,8464,53910,40527,13383,79936,50060,29876,413388,286756,126632,180150,119428,60722
64,229,307,231,76,416,48,368,682,278,404,733,291,442,475,148,327
64,31,20,15,5,19,15,4,31,25,6,26,21,5,35,29,6
64,56,19,15,4,19,15,4,212,200,12,189,181,8,217,188,29
64,95,139,95,44,139,96,43,124,99,25,124,99,25,406,187,219
64,162,43,32,11,35,27,8,123,93,30,135,100,35,17,10,7
64,169,6,5,1,6,3,3,4,3,1,4,3,1,43,41,2
64,170,81,35,46,79,8,71,180,22,158,204,37,167,19,11,8
64,187,46,45,1,63,60,3,15,14,1,16,16,0,32,30,2
64,59,207,139,68,206,138,68,133,88,45,132,88,44,159,109,50
64,73,67,59,8,66,59,7,246,188,58,245,188,57,464,349,115
64,96,4,3,1,3,2,1,7,6,1,6,6,0,4,2,2
64,101,182,122,60,337,233,104,25,13,12,101,83,18,11,5,6
64,114,3,3,0,3,3,0,15,12,3,16,13,3,7,5,2
64,120,1,1,0,1,0,1,28,22,6,25,18,7,8,7,1
64,153,20,13,7,73,39,34,121,84,37,224,151,73,351,234,117
64,199,306,192,114,141,85,56,414,268,146,1219,826,393,2216,1419,797
64,218,565,416,149,952,596,356,1996,1580,416,4104,2868,1236,3701,1950,1751
64,52,0,0,0,0,0,0,123,56,67,122,56,66,2,1,1
64,83,9773,3926,5847,10138,3969,6169,1754,308,1446,1755,309,1446,1098,859,239
64,104,1646,722,924,1645,721,924,32568,25063,7505,32567,25062,7505,1083,532,551
64,127,44,29,15,80,52,28,67,45,22,34,12,22,110,83,27
64,163,34,19,15,37,19,18,155,150,5,120,117,3,37,29,8
64,182,50,33,17,22,14,8,1,1,0,1,1,0,2,1,1
64,188,15,8,7,16,7,9,15,11,4,46,31,15,17,13,4
64,193,227,167,60,774,549,225,1144,927,217,868,591,277,389,157,232
64,204,126,52,74,126,53,73,48,21,27,48,20,28,151,60,91
64,12,1051,721,330,1051,722,329,1214,685,529,1214,685,529,2159,1388,771
64,19,4,3,1,22,15,7,254,168,86,371,252,119,743,514,229
64,74,726,335,391,726,335,391,2754,1926,828,1941,865,1076,2337,1438,899
64,80,1313,837,476,1313,838,475,4507,3012,1495,4507,3013,1494,778,552,226
64,121,2,1,1,1,1,0,3,1,2,2,1,1,8,5,3
64,145,2064,1574,490,2293,1747,546,1999,929,1070,743,382,361,1069,634,435
64,200,328,262,66,341,277,64,507,275,232,603,179,424,959,761,198
64,7,2,1,1,2,1,1,1,0,1,0,0,0,1,1,0
64,14,1,1,0,1,0,1,11,7,4,11,7,4,2,1,1
64,164,3,2,1,5,2,3,17,8,9,24,12,12,1,1,0
64,50,8,5,3,3,1,2,3,3,0,6,6,0,0,0,0
64,88,1,1,0,1,0,1,6,1,5,6,1,5,4,0,4
64,133,27,2,25,29,7,22,30,19,11,38,33,5,46,37,9
64,157,9,4,5,12,5,7,10,9,1,12,11,1,11,7,4
64,8,12,4,8,12,3,9,130,68,62,131,69,62,1,1,0
64,24,6,5,1,6,4,2,4,0,4,5,1,4,3,2,1
64,28,396,304,92,396,304,92,154,11,143,179,14,165,631,337,294
64,42,3,1,2,3,0,3,14,6,8,14,6,8,32,20,12
64,46,20,10,10,20,9,11,15,7,8,7,7,0,9,6,3
64,63,4,3,1,3,2,1,6,4,2,17,12,5,26,18,8
64,160,1,1,0,3,2,1,3,2,1,1,1,0,1,1,0
64,225,122,71,51,92,52,40,33,12,21,29,12,17,11,7,4
64,37,4409,2065,2344,5154,2430,2724,5539,3939,1600,8061,5286,2775,5883,3135,2748
64,220,21741,12644,9097,25342,14817,10525,7764,4700,3064,11770,1260,10510,29152,15087,14065
64,11,727,551,176,2281,1261,1020,1140,620,520,3110,2350,760,3482,1552,1930
64,147,201,123,78,711,306,405,136,65,71,31,14,17,11,4,7
64,68,0,0,0,0,0,0,0,0,0,41,37,4,3,3,0
65,64,9,3,6,4,3,1,30,19,11,15,3,12,41,2,39
65,118,75,51,24,83,59,24,95,74,21,55,38,17,80,49,31
65,55,1,0,1,1,1,0,2,1,1,5,3,2,1,1,0
65,31,1,1,0,1,1,0,2,1,1,2,2,0,1,1,0
65,56,2,1,1,2,1,1,2,0,2,2,0,2,15,14,1
65,95,3,2,1,2,2,0,2,1,1,2,1,1,1,1,0
65,59,13,5,8,12,5,7,12,5,7,12,5,7,11,2,9
65,73,7,3,4,6,3,3,17,6,11,16,5,11,25,5,20
65,96,1,0,1,0,0,0,5,3,2,5,3,2,4,1,3
65,101,9,3,6,17,8,9,2,1,1,5,3,2,1,0,1
65,153,27,11,16,27,13,14,21,16,5,27,16,11,47,20,27
65,199,342,173,169,158,75,83,119,39,80,226,98,128,271,152,119
65,218,241,87,154,247,88,159,110,48,62,167,74,93,102,33,69
65,83,8,1,7,8,1,7,9,0,9,8,0,8,3,2,1
65,104,2289,608,1681,2289,609,1680,3580,1393,2187,3580,1394,2186,294,146,148
65,163,8,4,4,9,4,5,32,1,31,27,2,25,11,2,9
65,193,246,98,148,866,333,533,2065,847,1218,3579,1398,2181,1241,233,1008
65,12,5,2,3,4,2,2,6,2,4,5,2,3,10,5,5
65,19,1,1,0,2,0,2,24,10,14,6,4,2,130,55,75
65,74,33,4,29,32,4,28,378,366,12,396,392,4,84,30,54
65,80,70,45,25,69,45,24,402,171,231,402,172,230,44,18,26
65,145,63,26,37,70,26,44,50,28,22,30,6,24,30,12,18
65,200,59,34,25,62,35,27,65,18,47,91,7,84,110,74,36
65,14,3,1,2,2,1,1,32,31,1,31,31,0,6,6,0
65,62,41,17,24,40,16,24,96,52,44,98,52,46,14,7,7
65,105,7,3,4,6,3,3,4,1,3,4,1,3,3,1,2
65,164,15,7,8,12,6,6,478,225,253,357,164,193,481,227,254
65,20,238,134,104,238,134,104,428,204,224,427,204,223,1211,596,615
65,50,30211,14837,15374,17189,8896,8293,2411,1181,1230,7242,3228,4014,551,205,346
65,88,112309,49951,62358,112309,49951,62358,2885,279,2606,2883,278,2605,2507,754,1753
65,94,54118,26224,27894,54118,26224,27894,135,18,117,136,18,118,183,115,68
65,133,296175,148517,147658,855,412,443,1137,577,560,1941,962,979,1190,562,628
65,148,10307,5124,5183,44,39,5,53,17,36,146,86,60,177,102,75
65,157,250,156,94,114,91,23,301,129,172,414,204,210,478,233,245
65,8,13,6,7,13,5,8,41,20,21,42,20,22,0,0,0
65,24,25,15,10,25,15,10,7,3,4,5,2,3,18,8,10
65,28,44,3,41,42,2,40,125,80,45,130,84,46,46,34,12
65,42,5,3,2,5,3,2,43,11,32,43,10,33,91,40,51
65,46,13,11,2,13,11,2,7,1,6,48,33,15,26,17,9
65,63,22,11,11,21,10,11,39,22,17,103,45,58,163,76,87
65,160,9,5,4,12,6,6,14,7,7,7,4,3,8,5,3
65,225,52,20,32,57,23,34,29,11,18,30,12,18,48,14,34
65,37,5453,2568,2885,6228,2947,3281,1144,1008,136,3546,2249,1297,5116,2570,2546
65,220,163105,83724,79381,188798,97809,90989,152122,80140,71982,164004,74844,89160,143027,70509,72518
65,11,1254,567,687,662,302,360,70,40,30,240,130,110,689,292,397
65,68,0,0,0,0,0,0,0,0,0,2,2,0,0,0,0
66,48,75,28,47,226,105,121,286,84,202,690,361,329,392,191,201
66,77,5240,2575,2665,8934,4395,4539,3890,1932,1958,6264,3115,3149,5116,2459,2657
66,179,19,11,8,18,11,7,58,23,35,45,17,28,19,7,12
66,206,6,4,2,7,5,2,8,5,3,24,15,9,12,8,4
66,56,2,1,1,0,0,0,0,0,0,1,0,1,0,0,0
66,170,4,1,3,4,0,4,33,26,7,32,25,7,2,1,1
66,73,0,0,0,0,0,0,5,2,3,4,1,3,7,3,4
66,96,0,0,0,0,0,0,1,0,1,1,1,0,4,0,4
66,101,0,0,0,0,0,0,0,0,0,0,0,0,0,0,0
66,199,2,1,1,1,0,1,15,9,6,9,3,6,8,5,3
66,218,23,10,13,24,9,15,106,33,73,120,38,82,33,9,24
66,83,1,1,0,1,1,0,1,0,1,0,0,0,0,0,0
66,104,27,18,9,27,18,9,31,6,25,30,6,24,2,1,1
66,163,18,6,12,21,7,14,80,1,79,63,2,61,32,6,26
66,193,1466,613,853,4695,2091,2604,5427,1655,3772,3924,1320,2604,2711,1041,1670
66,12,1,1,0,0,0,0,1,0,1,1,1,0,1,1,0
66,19,208,167,41,231,181,50,541,289,252,9,1,8,20,13,7
66,74,5,1,4,4,0,4,194,32,162,92,53,39,29,11,18
66,145,4,2,2,6,1,5,12,6,6,9,1,8,17,4,13
66,200,0,0,0,1,0,1,6,1,5,7,0,7,6,4,2
66,42,0,0,0,1,1,0,0,0,0,1,0,1,1,1,0
66,37,2,1,1,3,1,2,25,17,8,28,20,8,8,5,3
66,36,0,0,0,0,0,0,3377,1600,1777,689,262,427,384,246,138
66,28,0,0,0,0,0,0,27,7,20,28,7,21,11,3,8
67,69,34732,17945,16787,28106,14367,13739,1087,985,102,598,1,597,149676,76226,73450
67,109,66,34,32,40,19,21,590,306,284,693,329,364,738,369,369
67,190,0,0,0,0,0,0,17,10,7,20,10,10,3,1,2
67,192,0,0,0,0,0,0,0,0,0,3410,1961,1449,168,38,130
67,215,0,0,0,27,14,13,23,11,12,3486,1804,1682,39,10,29
67,64,3,1,2,29,13,16,74,51,23,37,11,26,1869,799,1070
67,118,207,178,29,229,202,27,254,201,53,152,110,42,224,146,78
67,196,172729,84738,87991,197639,96946,100693,243019,119121,123898,59952,30570,29382,27561,16685,10876
67,191,196,83,113,103,40,63,62,31,31,661,264,397,659,301,358
67,15,50,30,20,52,28,24,316,208,108,522,349,173,102,62,40
67,55,1,0,1,0,0,0,1,0,1,2,0,2,0,0,0
67,100,373,157,216,148,93,55,228,165,63,38,23,15,86,44,42
67,107,24,7,17,24,6,18,40,29,11,37,26,11,89,62,27
67,111,626,299,327,355,336,19,230,106,124,1007,632,375,611,172,439
67,165,55,51,4,48,25,23,437,314,123,1318,1118,200,547,414,133
67,217,1082,792,290,1367,979,388,1275,727,548,8661,6131,2530,1685,1121,564
67,229,2500,1452,1048,66,38,28,2566,1490,1076,918,508,410,91,28,63
67,31,1,1,0,0,0,0,1,0,1,0,0,0,0,0,0
67,56,0,0,0,0,0,0,1,0,1,1,1,0,4,3,1
67,95,3,1,2,3,1,2,3,2,1,2,1,1,9,7,2
67,162,1,1,0,0,0,0,13,1,12,14,1,13,2,0,2
67,59,6,3,3,5,2,3,68,33,35,68,34,34,108,58,50
67,73,5,2,3,4,1,3,29,14,15,29,15,14,101,73,28
67,96,1,1,0,0,0,0,1,1,0,1,1,0,8,5,3
67,101,13,8,5,25,17,8,2,1,1,8,7,1,1,1,0
67,114,0,0,0,0,0,0,0,0,0,0,0,0,0,0,0
67,153,25,8,17,486,244,242,1267,695,572,3042,1534,1508,9982,6100,3882
67,199,448,227,221,207,100,107,2317,1087,1230,4930,2245,2685,12019,6895,5124
67,218,2679,1204,1475,2741,1229,1512,4848,2399,2449,5759,2892,2867,2090,889,1201
67,83,20,16,4,18,17,1,94,46,48,93,45,48,12,9,3
67,104,3319,793,2526,3319,794,2525,3087,2812,275,3087,2812,275,218,108,110
67,127,2,1,1,3,3,0,4,2,2,468,337,131,123,97,26
67,193,4,2,2,118,75,43,66,42,24,78,50,28,13,8,5
67,12,8,4,4,7,4,3,9,3,6,8,3,5,15,7,8
67,19,0,0,0,0,0,0,29,12,17,72,37,35,248,137,111
67,74,6,1,5,5,0,5,99,42,57,320,100,220,48,15,33
67,80,1164,559,605,1164,560,604,4503,1933,2570,4502,1932,2570,488,228,260
67,145,73,41,32,81,43,38,335,159,176,437,213,224,1069,574,495
67,200,1739,1209,530,1749,1217,532,1484,699,785,1601,549,1052,1325,1008,317
67,24,1,0,1,0,0,0,0,0,0,1,0,1,0,0,0
67,42,1,0,1,1,1,0,0,0,0,1,1,0,1,0,1
67,225,1,0,1,0,0,0,1,1,0,2,1,1,1,0,1
67,37,21,1,20,130,53,77,1394,755,639,1764,947,817,933,468,465
67,220,2906,1481,1425,3481,1786,1695,2794,1439,1355,3043,1320,1723,6950,3369,3581
67,11,290,151,139,198,105,93,530,250,280,800,360,440,761,375,386
68,64,2,0,2,3,1,2,4,3,1,2,1,1,5,1,4
68,191,12,9,3,5,3,2,11,9,2,44,35,9,33,27,6
68,108,230,103,127,229,103,126,115,64,51,114,64,50,67,41,26
68,112,237,101,136,257,110,147,194,85,109,206,90,116,77,34,43
68,13,81,15,66,9,2,7,30,23,7,47,11,36,23,5,18
68,55,3,0,3,3,1,2,6,1,5,11,3,8,2,1,1
68,79,126,59,67,127,59,68,41,19,22,37,16,21,38,16,22
68,211,38,14,24,40,14,26,3,0,3,3,0,3,3,1,2
68,18,532,282,250,532,282,250,133,46,87,133,45,88,144,50,94
68,31,12,4,8,11,3,8,16,5,11,14,5,9,18,4,14
68,56,8,4,4,8,4,4,52,22,30,46,22,24,40,13,27
68,95,24,5,19,24,5,19,20,6,14,19,5,14,20,11,9
68,162,59,26,33,50,23,27,48,20,28,39,18,21,6,0,6
68,170,3502,1491,2011,1112,338,774,4054,2528,1526,5350,3124,2226,1100,355,745
68,187,12,3,9,18,4,14,5,2,3,4,1,3,10,4,6
68,216,753,618,135,743,681,62,1009,496,513,490,238,252,34,25,9
68,59,227,69,158,226,68,158,315,88,227,314,88,226,412,157,255
68,73,3285,1501,1784,3284,1500,1784,9804,4833,4971,9803,4832,4971,25103,10847,14256
68,96,11,4,7,10,4,6,60,26,34,59,25,34,22,14,8
68,101,484,226,258,855,431,424,768,351,417,389,18,371,58,4,54
68,114,1197,576,621,1197,575,622,266,116,150,361,190,171,556,272,284
68,120,100,50,50,307,160,147,28,14,14,149,117,32,147,78,69
68,153,136,48,88,143,6,137,330,97,233,1367,858,509,3097,1977,1120
68,199,1504,619,885,693,263,430,423,403,20,140,48,92,489,381,108
68,218,688,272,416,710,281,429,2994,989,2005,3396,1174,2222,1028,302,726
68,52,3,1,2,2,1,1,8,3,5,7,2,5,0,0,0
68,83,44,31,13,42,30,12,36,5,31,36,5,31,7,5,2
68,104,181,9,172,180,8,172,495,99,396,495,99,396,42,21,21
68,163,75,32,43,82,36,46,41,27,14,70,38,32,12,1,11
68,188,0,0,0,0,0,0,0,0,0,19,12,7,6,0,6
68,193,40,17,23,66,27,39,451,193,258,679,227,452,621,230,391
68,12,26,9,17,26,10,16,31,4,27,30,4,26,53,15,38
68,19,1,0,1,3,1,2,261,75,186,360,106,254,329,120,209
68,74,27,2,25,26,1,25,95,63,32,54,37,17,69,23,46
68,80,3843,982,2861,3843,983,2860,1090,758,332,1090,759,331,391,147,244
68,119,2,2,0,2,2,0,8,8,0,9,8,1,2,1,1
68,121,2,0,2,0,0,0,163,31,132,166,32,134,183,42,141
68,145,38,9,29,44,9,35,134,35,99,226,64,162,412,164,248
68,200,75,29,46,76,29,47,73,17,56,97,7,90,87,53,34
68,14,0,0,0,0,0,0,8,3,5,7,3,4,1,0,1
68,50,0,0,0,0,0,0,1,0,1,2,0,2,0,0,0
68,8,3,1,2,3,0,3,27,10,17,27,9,18,0,0,0
68,24,2,0,2,2,1,1,1,0,1,0,0,0,1,0,1
68,42,9,2,7,9,3,6,8,2,6,8,1,7,16,7,9
68,46,0,0,0,1,1,0,1,0,1,3,2,1,1,0,1
68,160,1,1,0,2,1,1,3,1,2,1,1,0,1,1,0
68,225,1,0,1,0,0,0,1,0,1,3,0,3,3,1,2
68,37,28,1,27,173,70,103,1311,736,575,1007,588,419,476,204,272
68,220,97,79,18,478,279,199,48,25,23,175,26,149,85,27,58
68,11,175,90,85,586,281,305,290,140,150,570,280,290,1063,411,652
68,28,0,0,0,0,0,0,90,26,64,90,26,64,37,11,26
69,60,2462,1082,1380,80,43,37,923,42,881,1041,71,970,1182,537,645
69,67,597,311,286,596,309,287,8,5,3,8,4,4,1,1,0
69,109,2826,1532,1294,8675,5426,3249,649,360,289,3174,1284,1890,12798,6989,5809
69,190,441956,225371,216585,17489,9197,8292,587,312,275,740,391,349,197,124,73
69,192,0,0,0,0,0,0,0,0,0,8605,4597,4008,4181,2187,1994
69,215,5,4,1,51,28,23,110,55,55,883,459,424,81,31,50
69,64,64,24,40,25,8,17,91,58,33,45,7,38,843,247,596
69,118,220,36,184,253,65,188,251,194,57,140,96,44,207,125,82
69,196,439555,215249,224306,379262,185704,193558,15746,7528,8218,37055,19068,17987,9943,5015,4928
69,142,14,3,11,20,6,14,59,20,39,8,2,6,18,5,13
69,191,1081,469,612,568,223,345,314,156,158,5062,1936,3126,38291,20506,17785
69,198,3,2,1,12,6,6,5,2,3,6,2,4,4,4,0
69,81,2,1,1,2,0,2,7,4,3,2,1,1,5,3,2
69,203,0,0,0,0,0,0,0,0,0,2,1,1,2,1,1
69,15,35,21,14,38,21,17,135,87,48,261,173,88,148,103,45
69,55,9,3,6,8,3,5,17,6,11,32,12,20,4,2,2
69,103,9692,4523,5169,6876,3388,3488,10026,4965,5061,10840,5301,5539,2445,1016,1429
69,107,42,3,39,40,2,38,41,18,23,38,15,23,91,34,57
69,111,440,210,230,250,237,13,162,75,87,709,444,265,698,283,415
69,165,78,74,4,69,36,33,65,26,39,864,754,110,179,121,58
69,180,1517,1118,399,1718,1237,481,15119,11623,3496,23539,17561,5978,21437,13000,8437
69,211,13,1,12,22,8,14,3,1,2,19,11,8,72,39,33
69,217,762,558,204,963,689,274,174,15,159,4669,3308,1361,1440,1034,406
69,229,15117,8776,6341,516,300,216,413,314,99,2565,1298,1267,1559,734,825
69,18,7,6,1,7,7,0,1,1,0,1,1,0,2,2,0
69,31,4,3,1,4,3,1,9,7,2,8,6,2,3,3,0
69,56,10,8,2,10,8,2,19,14,5,14,10,4,43,24,19
69,95,30,20,10,29,20,9,21,16,5,21,16,5,9,0,9
69,162,10,7,3,8,6,2,4,4,0,3,2,1,2,1,1
69,170,86,10,76,83,2,81,11,11,0,16,15,1,6,4,2
69,187,5,4,1,9,6,3,3,2,1,3,2,1,6,4,2
69,59,261,121,140,261,122,139,303,181,122,302,181,121,450,270,180
69,73,191,116,75,190,116,74,496,295,201,496,296,200,790,365,425
69,96,9,5,4,9,5,4,16,5,11,16,6,10,13,5,8
69,101,53,23,30,97,46,51,11,6,5,29,20,9,3,0,3
69,153,546,242,304,340,170,170,490,157,333,2113,1068,1045,2572,1242,1330
69,199,1747,905,842,804,395,409,686,463,223,2601,1301,1300,2687,1174,1513
69,218,3183,1461,1722,3255,1491,1764,3213,1282,1931,4088,1736,2352,1829,693,1136
69,83,493,487,6,539,492,47,119,62,57,118,62,56,117,85,32
69,104,5567,1051,4516,5567,1051,4516,12414,5636,6778,12413,5636,6777,629,312,317
69,127,5,3,2,7,4,3,8,4,4,274,135,139,81,50,31
69,163,4,1,3,5,0,5,9,9,0,8,7,1,3,1,2
69,193,56,34,22,131,77,54,449,229,220,1941,1059,882,1018,543,475
69,12,90,45,45,90,45,45,104,31,73,104,31,73,185,80,105
69,19,208,167,41,231,181,50,110,67,43,298,181,117,405,210,195
69,74,125,9,116,124,8,116,1495,847,648,2426,518,1908,655,218,437
69,80,2408,2128,280,2409,2128,281,2661,927,1734,2660,927,1733,693,337,356
69,145,1622,891,731,1807,991,816,723,286,437,622,241,381,825,352,473
69,200,846,426,420,856,435,421,531,171,360,607,20,587,776,536,240
69,7,37,17,20,36,17,19,6,3,3,5,2,3,5,2,3
69,174,0,0,0,2,1,1,0,0,0,2,1,1,0,0,0
69,50,1,0,1,0,0,0,0,0,0,0,0,0,0,0,0
69,148,7,5,2,20,12,8,23,13,10,4,3,1,5,3,2
69,8,2,1,1,2,0,2,17,7,10,18,7,11,0,0,0
69,24,2,1,1,2,1,1,1,0,1,1,0,1,0,0,0
69,42,4,3,1,5,4,1,1,0,1,1,0,1,2,1,1
69,225,1,1,0,0,0,0,1,1,0,4,3,1,2,1,1
69,37,65,4,61,386,157,229,4681,2236,2445,5815,2808,3007,2904,1390,1514
69,220,16318,8890,7428,18408,10084,8324,37201,20285,16916,38511,19690,18821,38779,12633,26146
69,11,1227,591,636,1077,517,560,2480,1280,1200,2870,1300,1570,2456,1107,1349
69,147,32,15,17,450,220,230,254,123,131,157,75,82,141,67,74
69,70,0,0,0,1,1,0,4,3,1,22,14,8,10,6,4
69,28,0,0,0,0,0,0,5,0,5,5,0,5,2,0,2
69,68,0,0,0,0,0,0,0,0,0,4,4,0,0,0,0
70,59,2103,952,1151,2103,952,1151,261,90,171,261,90,171,1166,557,609
70,96,36,17,19,35,16,19,12,5,7,11,5,6,8,4,4
70,101,1,0,1,3,1,2,1,1,0,1,0,1,0,0,0
70,153,215,106,109,160,124,36,124,86,38,39,37,2,71,56,15
70,218,112,42,70,116,44,72,44,14,30,70,26,44,47,15,32
70,83,1,1,0,0,0,0,0,0,0,1,0,1,0,0,0
70,74,0,0,0,0,0,0,1,1,0,0,0,0,0,0,0
70,42,2,1,1,0,0,0,0,0,0,1,1,0,1,0,1
70,84,21,8,13,23,23,0,69,36,33,66,50,16,19,19,0
70,11,4,3,1,3,2,1,20,10,10,0,0,0,1,0,1
70,68,0,0,0,0,0,0,0,0,0,1,0,1,0,0,0
71,101,1,1,0,3,2,1,0,0,0,1,1,0,0,0,0
71,218,468,179,289,479,181,298,160,55,105,82,17,65,105,38,67
71,42,1,0,1,2,1,1,0,0,0,2,1,1,3,3,0
71,63,2,1,1,2,1,1,4,2,2,10,5,5,16,8,8
71,37,3,2,1,3,1,2,15,7,8,15,7,8,0,0,0
71,11,34,16,18,28,12,16,20,10,10,20,10,10,31,3,28
72,191,18,6,12,9,3,6,3,2,1,15,8,7,9,5,4
72,97,1087,447,640,1088,447,641,16,7,9,16,7,9,6,2,4
72,55,1,0,1,0,0,0,1,0,1,2,0,2,0,0,0
72,31,1,1,0,0,0,0,1,0,1,0,0,0,1,0,1
72,56,1,1,0,1,1,0,2,1,1,1,1,0,3,2,1
72,59,4,1,3,4,1,3,2,0,2,2,1,1,3,1,2
72,73,1,1,0,2,1,1,1,0,1,1,1,0,4,3,1
72,96,0,0,0,0,0,0,1,0,1,1,0,1,1,0,1
72,101,5,2,3,9,4,5,0,0,0,3,2,1,0,0,0
72,153,5,2,3,7,3,4,3,1,2,13,6,7,5,3,2
72,199,5,0,5,3,1,2,8,4,4,12,10,2,6,5,1
72,218,1417,692,725,1449,705,744,1148,614,534,1516,824,692,741,344,397
72,83,1,0,1,1,0,1,4,3,1,4,3,1,0,0,0
72,104,7,0,7,7,1,6,14,5,9,13,5,8,2,1,1
72,193,3,2,1,66,35,31,37,20,17,4,3,1,1,0,1
72,12,1,0,1,1,0,1,2,1,1,1,0,1,3,2,1
72,19,0,0,0,0,0,0,1,0,1,4,1,3,4,3,1
72,74,3,0,3,3,1,2,55,29,26,101,46,55,12,5,7
72,145,2,2,0,4,2,2,61,18,43,12,7,5,8,7,1
72,200,43,25,18,41,25,16,4,2,2,7,0,7,10,7,3
72,50,0,0,0,0,0,0,0,0,0,0,0,0,0,0,0
72,8,0,0,0,0,0,0,0,0,0,0,0,0,0,0,0
72,24,1,0,1,1,0,1,1,0,1,1,0,1,0,0,0
72,42,2,2,0,2,2,0,1,0,1,2,1,1,6,2,4
72,37,3378,1594,1784,3823,1812,2011,316,84,232,1512,596,916,2847,1331,1516
72,220,7008,3405,3603,7947,3890,4057,3802,1907,1895,4229,1688,2541,1816,795,1021
72,11,2872,899,1973,6346,3133,3213,8100,3820,4280,9210,4190,5020,8084,3828,4256
72,147,1844,629,1215,6767,3259,3508,11068,5356,5712,9726,4677,5049,8992,4309,4683
72,158,5,4,1,33,16,17,2,1,1,15,8,7,3,2,1
72,189,2,1,1,10,5,5,54,22,32,44,17,27,7,3,4
72,224,20,6,14,17,12,5,47,21,26,40,22,18,9,4,5
72,110,27,16,11,27,15,12,107,54,53,107,53,54,48,25,23
72,128,13,11,2,11,5,6,19,12,7,25,13,12,7,5,2
72,143,17,10,7,16,9,7,12,7,5,11,7,4,4,2,2
72,3,51,26,25,51,26,25,91,45,46,90,45,45,5,3,2
72,49,3,1,2,3,2,1,27,3,24,27,3,24,14,5,9
72,76,2,1,1,3,1,2,1,1,0,1,0,1,2,1,1
72,151,8,4,4,9,4,5,2,1,1,2,1,1,0,0,0
72,177,52,23,29,53,24,29,11,6,5,20,10,10,5,3,2
72,208,46,30,16,51,33,18,78,45,33,91,51,40,89,52,37
72,214,20,11,9,17,10,7,13,8,5,11,6,5,5,3,2
73,64,11,4,7,4,4,0,35,23,12,17,2,15,50,3,47
73,118,87,59,28,102,72,30,116,89,27,64,44,20,93,55,38
73,142,6,1,5,6,2,4,22,6,16,3,0,3,7,2,5
73,191,206,45,161,101,26,75,52,10,42,192,53,139,182,53,129
73,112,58,37,21,62,40,22,54,33,21,55,34,21,16,9,7
73,106,26,8,18,171,71,100,48,26,22,34,12,22,22,8,14
73,136,3,2,1,3,2,1,12,5,7,9,3,6,1,1,0
73,161,183,105,78,238,135,103,167,95,72,153,89,64,2,1,1
73,194,6,5,1,8,3,5,15,1,14,32,12,20,1,1,0
73,55,51,9,42,51,10,41,104,23,81,199,53,146,23,10,13
73,103,13,9,4,42,13,29,90,25,65,85,23,62,9,1,8
73,211,574,261,313,579,263,316,47,3,44,48,1,47,45,10,35
73,18,503,153,350,502,153,349,86,40,46,87,41,46,94,44,50
73,31,9,5,4,9,5,4,13,8,5,12,7,5,62,35,27
73,56,41,22,19,41,22,19,36,24,12,20,19,1,66,37,29
73,95,192,92,100,192,93,99,113,60,53,112,60,52,51,18,33
73,162,40,20,20,33,17,16,26,9,17,35,12,23,10,3,7
73,170,162,42,120,95,10,85,109,58,51,66,38,28,41,12,29
73,187,40,21,19,54,27,27,13,8,5,13,7,6,27,16,11
73,59,323,93,230,323,93,230,68,46,22,69,47,22,57,6,51
73,68,359,195,164,359,195,164,522,345,177,507,333,174,171,102,69
73,96,22,7,15,22,8,14,34,11,23,33,10,23,10,1,9
73,101,191,90,101,337,171,166,241,22,219,298,98,200,30,5,25
73,114,515,345,170,514,344,170,56,35,21,51,30,21,45,28,17
73,120,9,5,4,18,10,8,24,19,5,12,8,4,15,11,4
73,153,276,88,188,2102,855,1247,97,96,1,73,23,50,214,64,150
73,199,28672,11391,17281,13197,4815,8382,11762,5921,5841,14164,7000,7164,7454,3387,4067
73,218,2814,901,1913,2950,919,2031,441,99,342,1368,424,944,1573,282,1291
73,52,13,4,9,11,4,7,8,3,5,7,3,4,0,0,0
73,83,353,198,155,334,208,126,26,2,24,27,2,25,43,30,13
73,104,874,40,834,874,40,834,309,183,126,308,183,125,80,40,40
73,127,2,0,2,15,2,13,16,2,14,33,19,14,18,9,9
73,163,105,44,61,114,47,67,19,5,14,34,16,18,29,3,26
73,182,22,10,12,10,4,6,0,0,0,0,0,0,1,0,1
73,188,2,2,0,3,1,2,4,1,3,20,4,16,8,6,2
73,193,1065,529,536,2730,1294,1436,1861,829,1032,1919,844,1075,1425,611,814
73,12,113,43,70,113,44,69,130,17,113,130,17,113,232,69,163
73,19,1140,433,707,1093,418,675,125,25,100,143,48,95,253,84,169
73,74,177,17,160,175,16,159,1085,188,897,233,153,80,289,58,231
73,80,2061,666,1395,2061,667,1394,421,117,304,419,116,303,543,139,404
73,119,0,0,0,0,0,0,3,1,2,5,2,3,3,2,1
73,121,202,80,122,208,83,125,96,39,57,105,43,62,452,196,256
73,145,525,141,384,582,156,426,210,40,170,107,2,105,342,165,177
73,200,271,209,62,279,220,59,470,52,418,926,187,739,829,496,333
73,38,4,2,2,5,2,3,1,0,1,1,1,0,1,0,1
73,62,5,3,2,5,3,2,14,13,1,15,14,1,1,0,1
73,50,4,2,2,3,0,3,6,2,4,11,3,8,1,0,1
73,133,43,17,26,47,18,29,3,2,1,19,8,11,35,14,21
73,157,1,1,0,3,2,1,13,6,7,15,6,9,7,4,3
73,8,4,0,4,4,0,4,39,11,28,39,11,28,0,0,0
73,24,16,10,6,16,10,6,4,2,2,5,2,3,6,3,3
73,28,8,5,3,6,4,2,176,100,76,171,97,74,105,56,49
73,42,17,11,6,16,10,6,25,7,18,25,7,18,51,22,29
73,46,5,4,1,5,4,1,5,3,2,3,1,2,3,2,1
73,63,5,2,3,5,2,3,9,4,5,25,9,16,39,14,25
73,160,6,3,3,8,4,4,9,4,5,5,3,2,5,3,2
73,225,1,0,1,1,1,0,2,1,1,4,2,2,4,1,3
73,37,1178,605,573,822,431,391,2517,1477,1040,1819,1140,679,1154,491,663
73,84,7,5,2,4,0,4,5,0,5,3,1,2,5,2,3
73,220,891,210,681,280,133,147,6607,2524,4083,1314,816,498,1190,555,635
73,11,82,72,10,450,348,102,240,70,170,470,230,240,787,263,524
74,33,11,6,5,73,35,38,5,4,1,16,7,9,54,26,28
74,47,5,4,1,6,5,1,23,12,11,23,11,12,4,1,3
74,67,51,23,28,52,24,28,109,62,47,109,62,47,7,6,1
74,122,764,404,360,659,384,275,702,410,292,797,468,329,884,519,365
74,131,92,7,85,297,137,160,126,100,26,189,159,30,197,146,51
74,132,1432,853,579,2289,1236,1053,2709,1075,1634,1709,481,1228,1100,826,274
74,168,13222,7117,6105,15571,8199,7372,9618,5638,3980,5367,3249,2118,2762,1336,1426
74,183,35,11,24,33,10,23,30,7,23,30,6,24,26,20,6
74,215,7,6,1,18,5,13,2,1,1,2,2,0,2,1,1
74,230,6,3,3,4,3,1,7,5,2,30,11,19,14,11,3
74,36,822,458,364,823,459,364,5520,3001,2519,948,424,524,486,317,169
74,39,2553,1327,1226,1416,739,677,3415,1755,1660,115,55,60,1393,752,641
74,40,77,41,36,76,41,35,320,234,86,133,56,77,204,104,100
74,48,2533,1375,1158,914,546,368,1867,555,1312,4505,2370,2135,2555,1253,1302
74,66,375,161,214,374,161,213,873,419,454,873,420,453,912,449,463
74,77,969,546,423,1651,932,719,719,409,310,1157,658,499,946,525,421
74,2,765,455,310,765,455,310,228,104,124,227,104,123,11,5,6
74,64,599,347,252,401,242,159,398,279,119,197,61,136,500,67,433
74,118,2613,1379,1234,2509,1256,1253,672,524,148,384,269,115,568,350,218
74,139,1243,757,486,734,266,468,369,76,293,11817,5919,5898,2538,1206,1332
74,210,39,5,34,913,484,429,177,67,110,2092,1085,1007,1969,1029,940
74,228,15,8,7,16,9,7,31,18,13,31,17,14,35,21,14
74,142,35,13,22,53,23,30,148,68,80,21,9,12,45,19,26
74,191,1780,491,1289,693,84,609,617,279,338,2237,1123,1114,2143,1095,1048
74,21,237,122,115,236,122,114,277,159,118,276,158,118,265,154,111
74,34,35,19,16,35,19,16,11,1,10,11,2,9,7,3,4
74,81,9,4,5,14,3,11,53,33,20,5,2,3,34,21,13
74,89,251,233,18,157,83,74,1683,729,954,2067,938,1129,659,339,320
74,90,20,14,6,20,15,5,3,2,1,4,3,1,6,4,2
74,117,7,7,0,9,7,2,156,60,96,69,56,13,18,7,11
74,126,58,34,24,332,192,140,7228,3598,3630,7331,3643,3688,1332,646,686
74,181,524,214,310,1152,418,734,822,391,431,1380,753,627,364,181,183
74,206,293,155,138,246,130,116,206,109,97,126,45,81,153,84,69
74,44,171,112,59,170,112,58,167,81,86,171,83,88,49,2,47
74,106,657,222,435,1547,646,901,3174,1411,1763,515,183,332,136,95,41
74,136,3,2,1,2,1,1,23,19,4,29,23,6,7,5,2
74,166,422,290,132,718,493,225,181,81,100,402,278,124,483,257,226
74,35,208,134,74,207,134,73,119,73,46,119,73,46,30,18,12
74,161,49,19,30,119,57,62,393,212,181,428,223,205,18,11,7
74,203,129,93,36,123,87,36,106,98,8,35,26,9,46,44,2
74,226,32,23,9,74,53,21,18,15,3,25,16,9,35,25,10
74,23,3,2,1,2,1,1,5,2,3,5,2,3,1,1,0
74,97,2230,1015,1215,2231,1015,1216,106,52,54,107,53,54,42,20,22
74,125,19,7,12,16,12,4,5,0,5,18,17,1,18,18,0
74,194,28,21,7,29,17,12,61,21,40,126,67,59,4,3,1
74,15,61,35,26,62,34,28,513,322,191,668,416,252,666,398,268
74,55,95,33,62,94,33,61,193,73,120,368,150,218,43,23,20
74,103,5469,2339,3130,4161,1880,2281,6316,2858,3458,6726,3007,3719,1271,464,807
74,107,93,38,55,92,38,54,213,151,62,197,134,63,473,319,154
74,111,150,117,33,348,213,135,572,362,210,928,572,356,2457,1171,1286
74,115,42,12,30,41,12,29,47,18,29,48,19,29,19,14,5
74,154,463,305,158,277,207,70,32,26,6,190,147,43,213,172,41
74,165,100,71,29,70,51,19,313,224,89,789,650,139,313,223,90
74,211,2278,1029,1249,2324,1040,1284,453,46,407,467,38,429,401,81,320
74,217,684,420,264,750,452,298,3877,2483,1394,9485,6251,3234,8210,5207,3003
74,31,102,59,43,102,60,42,144,89,55,127,78,49,782,420,362
74,56,445,244,201,445,244,201,353,275,78,388,211,177,696,495,201
74,95,410,279,131,410,280,130,614,346,268,614,346,268,206,92,114
74,162,7107,3635,3472,6079,3065,3014,4924,2531,2393,3949,2222,1727,971,221,750
74,169,250,189,61,214,147,67,428,213,215,361,238,123,2683,1560,1123
74,170,63,35,28,61,8,53,561,331,230,521,309,212,49,22,27
74,187,587,290,297,881,426,455,237,131,106,265,145,120,519,295,224
74,41,16,8,8,51,24,27,496,240,256,495,239,256,114,57,57
74,59,894,575,319,893,574,319,993,543,450,993,544,449,892,457,435
74,68,23,10,13,23,11,12,63,47,16,61,45,16,15,9,6
74,73,189,131,58,189,131,58,555,345,210,555,346,209,891,523,368
74,96,61,31,30,61,31,30,98,56,42,98,56,42,25,20,5
74,101,1187,406,781,2892,1193,1699,3217,1793,1424,1699,467,1232,235,20,215
74,114,51,28,23,51,28,23,104,64,40,99,59,40,54,32,22
74,120,26,12,14,53,24,29,92,65,27,55,38,17,51,31,20
74,153,26,23,3,475,302,173,255,166,89,1446,877,569,1651,962,689
74,199,822,468,354,379,207,172,928,588,340,1414,838,576,1264,673,591
74,218,19170,8861,10309,20374,9220,11154,16341,9038,7303,25154,13402,11752,16466,6246,10220
74,4,81,20,61,82,21,61,577,321,256,79,41,38,1032,574,458
74,26,21,8,13,21,8,13,65,30,35,23,12,11,18,8,10
74,52,180,71,109,250,95,155,674,336,338,674,337,337,11,3,8
74,83,2108,900,1208,1969,939,1030,147,118,29,146,118,28,305,226,79
74,104,10212,1445,8767,10212,1444,8768,43951,20212,23739,43951,20212,23739,2893,1435,1458
74,127,17,9,8,47,11,36,42,10,32,198,116,82,101,60,41
74,163,16619,7167,9452,19665,8757,10908,598,371,227,15230,6915,8315,7813,1692,6121
74,178,4,1,3,3,2,1,1,0,1,0,0,0,4,0,4
74,182,158,78,80,2119,1021,1098,3353,1586,1767,127,63,64,125,67,58
74,188,146,77,69,144,83,61,333,165,168,323,120,203,507,165,342
74,193,13749,7706,6043,60781,30254,30527,2399,745,1654,33007,17959,15048,8278,5370,2908
74,12,633,336,297,633,337,296,730,254,476,730,255,475,1299,606,693
74,19,9455,3797,5658,6570,2567,4003,9835,4170,5665,23457,11336,12121,31329,15194,16135
74,80,8558,1674,6884,8558,1674,6884,17223,7798,9425,17223,7798,9425,4858,2153,2705
74,119,4,2,2,3,0,3,20,11,9,22,12,10,11,6,5
74,121,1291,788,503,1458,878,580,3188,1494,1694,3412,1596,1816,12526,6153,6373
74,135,278,120,158,267,113,154,415,137,278,320,99,221,34,3,31
74,145,2100,803,1297,2625,1016,1609,1680,913,767,2632,1328,1304,2611,1264,1347
74,200,6787,6532,255,7058,6838,220,13520,4552,8968,15728,304,15424,22666,15895,6771
74,7,1,0,1,1,1,0,3,1,2,2,1,1,2,1,1
74,14,51,27,24,52,28,24,10,3,7,9,2,7,11,7,4
74,25,63,34,29,63,34,29,12,7,5,168,94,74,3,1,2
74,29,2,1,1,2,2,0,3,2,1,2,1,1,2,1,1
74,38,14,9,5,15,9,6,3,2,1,2,1,1,1,0,1
74,53,79,46,33,80,46,34,1,0,1,14,5,9,15,7,8
74,61,9,6,3,7,5,2,11,8,3,13,8,5,11,7,4
74,62,280,149,131,279,148,131,565,342,223,582,352,230,107,64,43
74,86,8655,4080,4575,8654,4080,4574,2319,194,2125,2319,194,2125,2017,628,1389
74,92,79,51,28,78,51,27,108,70,38,108,70,38,103,66,37
74,129,5943,2477,3466,5931,2475,3456,1944,379,1565,1935,377,1558,1645,536,1109
74,164,16,8,8,17,8,9,68,33,35,97,47,50,3,1,2
74,174,10,7,3,16,11,5,9,7,2,4,3,1,4,3,1
74,186,0,0,0,0,0,0,44,24,20,41,20,21,4,3,1
74,50,57,29,28,184,99,85,230,131,99,424,236,188,35,18,17
74,65,25,5,20,25,4,21,28,21,7,27,20,7,9,6,3
74,88,65,10,55,66,11,55,31,30,1,30,29,1,34,25,9
74,94,3,2,1,3,2,1,2,1,1,2,0,2,3,2,1
74,133,661,345,316,872,465,407,1014,406,608,1796,796,1000,3370,1631,1739
74,148,28,16,12,8,7,1,11,8,3,8,5,3,10,6,4
74,157,22,13,9,40,22,18,238,148,90,265,167,98,144,85,59
74,8,234,20,214,233,19,214,538,315,223,537,315,222,1089,548,541
74,24,106,74,32,99,69,30,184,104,80,183,103,80,174,101,73
74,28,153,104,49,153,105,48,602,577,25,514,493,21,1935,1222,713
74,42,477,260,217,477,261,216,586,146,440,586,145,441,1240,546,694
74,46,54,34,20,54,33,21,85,42,43,212,129,83,137,84,53
74,63,127,62,65,126,61,65,169,97,72,449,213,236,707,349,358
74,75,2733,1109,1624,2732,1108,1624,212,110,102,211,110,101,227,51,176
74,159,103,69,34,101,66,35,33,20,13,32,20,12,16,10,6
74,160,210,121,89,244,134,110,286,157,129,165,94,71,173,98,75
74,222,25,9,16,24,10,14,52,21,31,48,21,27,44,17,27
74,225,515,227,288,492,228,264,56,28,28,57,31,26,125,40,85
74,22,8,0,8,8,0,8,11,8,3,11,8,3,1,0,1
74,37,10066,4734,5332,11563,5465,6098,14716,9258,5458,20079,12093,7986,12856,6702,6154
74,84,2,0,2,3,1,2,3,0,3,4,3,1,1,0,1
74,175,177,87,90,125,59,66,129,73,56,96,51,45,22,10,12
74,220,13252,6977,6275,18669,9861,8808,727,206,521,2633,549,2084,14355,6800,7555
74,11,852,424,428,1745,698,1047,3000,1520,1480,7010,3840,3170,10967,5966,5001
74,147,204,88,116,488,196,292,791,382,409,795,383,412,746,358,388
74,146,3076,1629,1447,3077,1630,1447,5306,2673,2633,5307,2674,2633,1849,1042,807
74,224,42,22,20,12,7,5,139,69,70,131,64,67,30,15,15
74,76,1755,899,856,1353,659,694,1436,450,986,407,395,12,1094,633,461
74,177,2,2,0,3,2,1,1,0,1,1,1,0,1,1,0
74,227,113,56,57,154,75,79,116,60,56,139,70,69,235,119,116
74,137,0,0,0,0,0,0,0,0,0,397,120,277,49,17,32
75,55,0,0,0,0,0,0,0,0,0,0,0,0,0,0,0
75,59,2,1,1,3,2,1,0,0,0,0,0,0,0,0,0
75,83,1,0,1,1,0,1,2,1,1,2,1,1,0,0,0
75,7,0,0,0,0,0,0,1,1,0,0,0,0,0,0,0
75,25,2,2,0,2,1,1,0,0,0,6,4,2,0,0,0
75,61,3,1,2,2,0,2,3,1,2,4,2,2,3,1,2
75,86,149,47,102,149,48,101,59,35,24,59,36,23,43,13,30
75,129,247,89,158,248,89,159,74,1,73,74,0,74,64,13,51
75,174,44,17,27,64,24,40,38,14,24,15,6,9,16,6,10
75,50,0,0,0,3,1,2,3,1,2,6,2,4,0,0,0
75,88,2,1,1,2,1,1,2,1,1,2,2,0,3,2,1
75,24,1,0,1,1,1,0,0,0,0,1,0,1,0,0,0
75,28,59,13,46,59,12,47,43,30,13,34,24,10,143,84,59
75,42,2,1,1,2,1,1,0,0,0,1,1,0,1,1,0
75,160,3,2,1,4,2,2,5,2,3,2,1,1,2,1,1
75,225,1,0,1,0,0,0,1,1,0,2,0,2,2,1,1
75,37,2,1,1,2,1,1,12,9,3,16,11,5,9,5,4
75,11,3,0,3,3,0,3,0,0,0,0,0,0,11,0,11
76,59,2,1,1,3,2,1,0,0,0,0,0,0,0,0,0
76,73,0,0,0,0,0,0,0,0,0,0,0,0,1,1,0
76,101,1,1,0,1,0,1,0,0,0,1,1,0,0,0,0
76,218,42,18,24,43,18,25,14,5,9,7,3,4,9,4,5
76,83,1,1,0,2,1,1,3,1,2,3,1,2,0,0,0
76,42,6,6,0,6,5,1,1,0,1,2,0,2,2,1,1
76,37,44,21,23,47,23,24,25,6,19,27,11,16,15,10,5
76,11,81,43,38,63,36,27,80,20,60,70,50,20,59,42,17
76,146,433,200,233,434,200,234,1619,758,861,1619,759,860,18,15,3
76,49,3,2,1,2,1,1,22,0,22,22,1,21,11,3,8
76,227,4,2,2,6,3,3,4,3,1,5,2,3,11,7,4
77,40,26,14,12,25,13,12,106,78,28,44,19,25,68,35,33
77,48,151,45,106,451,179,272,572,118,454,1380,641,739,783,332,451
77,66,21,11,10,21,12,9,49,28,21,49,29,20,51,30,21
77,179,210,148,62,215,152,63,94,67,27,74,53,21,31,22,9
77,191,116,47,69,60,22,38,25,13,12,93,53,40,70,41,29
77,34,3,2,1,3,2,1,4,2,2,5,3,2,0,0,0
77,126,207,111,96,391,198,193,13180,6811,6369,13366,6896,6470,2430,1226,1204
77,130,9,7,2,8,5,3,4,2,2,2,1,1,2,1,1
77,206,54,29,25,61,33,28,68,36,32,183,116,67,100,56,44
77,31,2,1,1,1,0,1,3,1,2,2,1,1,2,1,1
77,56,0,0,0,0,0,0,1,1,0,1,1,0,1,1,0
77,95,2,1,1,2,1,1,1,1,0,2,1,1,2,2,0
77,59,0,0,0,0,0,0,1,0,1,1,0,1,3,1,2
77,73,1,0,1,0,0,0,3,1,2,3,2,1,6,2,4
77,101,2,1,1,3,1,2,1,1,0,1,0,1,0,0,0
77,199,0,0,0,1,1,0,1,1,0,9,4,5,12,7,5
77,218,53,23,30,56,24,32,103,40,63,122,49,73,42,15,27
77,83,13,8,5,14,8,6,18,11,7,19,12,7,0,0,0
77,104,61,32,29,61,33,28,124,63,61,124,64,60,6,3,3
77,163,24,11,13,26,12,14,259,249,10,217,203,14,49,46,3
77,193,12,6,6,381,197,184,215,112,103,71,34,37,7,0,7
77,12,2,1,1,2,2,0,2,1,1,1,0,1,3,2,1
77,19,1,1,0,5,2,3,83,41,42,49,27,22,34,6,28
77,74,257,53,204,257,54,203,8788,3756,5032,1045,638,407,1494,646,848
77,80,59,37,22,59,38,21,132,61,71,132,62,70,17,10,7
77,145,16,7,9,20,8,12,29,17,12,13,11,2,13,11,2
77,200,21,10,11,23,11,12,26,10,16,32,1,31,41,27,14
77,50,0,0,0,0,0,0,0,0,0,0,0,0,0,0,0
77,24,2,2,0,2,1,1,0,0,0,0,0,0,0,0,0
77,42,2,1,1,2,1,1,1,0,1,1,0,1,2,1,1
77,37,191,91,100,197,95,102,255,118,137,295,138,157,115,54,61
77,11,10,7,3,10,7,3,10,0,10,0,0,0,1,0,1
77,36,0,0,0,0,0,0,1061,535,526,216,90,126,116,75,41
77,28,0,0,0,0,0,0,15,15,0,15,15,0,6,6,0
78,64,8,7,1,6,6,0,4,3,1,2,1,1,5,2,3
78,142,6,2,4,8,5,3,24,10,14,4,2,2,8,3,5
78,34,3,1,2,2,1,1,3,1,2,4,2,2,0,0,0
78,51,4337,2289,2048,5329,2794,2535,332,174,158,319,167,152,2,1,1
78,81,2,1,1,2,0,2,9,6,3,0,0,0,6,4,2
78,89,124,116,8,77,43,34,830,383,447,1019,491,528,325,175,150
78,90,287,158,129,287,159,128,62,34,28,62,34,28,85,36,49
78,117,6,5,1,26,23,3,126,6,120,207,47,160,43,41,2
78,126,26,14,12,51,27,24,1753,920,833,1780,933,847,323,166,157
78,181,195,70,125,429,293,136,306,214,92,514,340,174,135,61,74
78,184,146,138,8,142,134,8,111,91,20,36,33,3,17,16,1
78,206,64,35,29,72,39,33,81,44,37,217,141,76,119,68,51
78,31,2,1,1,1,0,1,3,2,1,2,1,1,2,1,1
78,56,1,0,1,1,0,1,6,5,1,5,4,1,3,2,1
78,95,4,2,2,3,2,1,2,1,1,2,1,1,3,1,2
78,59,124,60,64,123,60,63,65,28,37,65,28,37,37,12,25
78,73,74,68,6,73,67,6,140,100,40,140,100,40,316,238,78
78,96,2,1,1,1,1,0,1,0,1,1,1,0,7,5,2
78,101,19,9,10,36,20,16,4,2,2,10,7,3,1,0,1
78,114,0,0,0,0,0,0,0,0,0,0,0,0,0,0,0
78,153,106,45,61,113,34,79,98,34,64,128,48,80,144,68,76
78,199,367,212,155,169,94,75,430,214,216,955,563,392,948,556,392
78,218,1199,647,552,1243,668,575,3243,1735,1508,3817,2075,1742,1338,650,688
78,83,8,6,2,7,5,2,18,11,7,19,11,8,1,1,0
78,104,279,205,74,278,205,73,437,411,26,437,412,25,10,5,5
78,163,8,8,0,9,8,1,44,36,8,33,25,8,10,7,3
78,193,778,540,238,2309,1665,644,5349,4604,745,7473,6601,872,2400,2067,333
78,12,45,41,4,44,40,4,52,46,6,51,45,6,90,80,10
78,19,0,0,0,3,2,1,49,31,18,68,31,37,197,152,45
78,74,43,12,31,43,12,31,173,152,21,217,9,208,144,69,75
78,80,353,219,134,353,220,133,829,449,380,829,450,379,147,108,39
78,145,52,40,12,59,43,16,178,108,70,128,78,50,143,79,64
78,200,157,139,18,159,139,20,66,55,11,77,57,20,107,100,7
78,42,1,1,0,1,1,0,0,0,0,1,1,0,1,1,0
78,63,2,1,1,1,1,0,2,2,0,7,6,1,10,9,1
78,37,108,52,56,111,54,57,135,93,42,157,106,51,62,37,25
78,220,2067,1032,1035,2213,1110,1103,5268,2649,2619,5405,2562,2843,4439,2151,2288
78,11,9,5,4,9,6,3,50,30,20,40,20,20,37,24,13
79,108,684,445,239,684,445,239,337,231,106,337,232,105,196,142,54
79,112,1984,706,1278,2113,766,1347,1237,626,611,1313,664,649,434,218,216
79,202,121,1,120,130,40,90,119,72,47,111,48,63,8,7,1
79,9,26038,8924,17114,19095,6552,12543,15837,4767,11070,5175,1334,3841,15130,5581,9549
79,13,8533,1713,6820,943,234,709,3147,2434,713,4947,1172,3775,2473,585,1888
79,55,1574,764,810,1574,764,810,3223,1644,1579,6137,3274,2863,716,455,261
79,103,1721,1030,691,3077,1550,1527,6135,2989,3146,5954,2919,3035,283,108,175
79,211,2238,930,1308,2252,932,1320,190,3,187,204,7,197,197,50,147
79,18,520,279,241,521,279,242,122,71,51,122,71,51,76,43,33
79,31,40,14,26,40,14,26,66,29,37,56,24,32,57,34,23
79,56,44,27,17,44,27,17,431,247,184,381,231,150,57,24,33
79,95,21,13,8,21,12,9,34,20,14,34,20,14,28,25,3
79,162,67,35,32,57,30,27,9,7,2,11,2,9,12,4,8
79,167,1154,507,647,780,344,436,481,68,413,391,249,142,96,65,31
79,169,0,0,0,0,0,0,0,0,0,0,0,0,57,20,37
79,170,34781,15526,19255,34196,3390,30806,86425,48888,37537,97525,54755,42770,8428,3491,4937
79,187,16,11,5,24,14,10,7,4,3,7,5,2,14,8,6
79,216,8544,3296,5248,8515,3738,4777,6351,3396,2955,3085,1632,1453,214,157,57
79,59,6,3,3,5,3,2,60,23,37,60,23,37,18,8,10
79,68,312,168,144,312,168,144,24,2,22,31,12,19,114,57,57
79,73,5,2,3,4,1,3,14,7,7,13,7,6,43,19,24
79,96,1,0,1,1,1,0,8,3,5,8,3,5,2,1,1
79,101,87,46,41,162,92,70,17,9,8,49,37,12,5,1,4
79,114,671,363,308,671,363,308,189,109,80,236,148,88,261,152,109
79,120,892,530,362,248,148,100,28,12,16,145,101,44,111,71,40
79,153,11,5,6,5,3,2,109,51,58,83,37,46,107,47,60
79,199,20,8,12,9,3,6,233,113,120,494,255,239,416,208,208
79,218,227,105,122,234,108,126,1170,556,614,1310,631,679,371,154,217
79,83,17072,6445,10627,17944,6396,11548,7085,1258,5827,7084,1257,5827,3720,2774,946
79,104,153,50,103,153,51,102,5954,824,5130,5953,823,5130,376,187,189
79,127,3,2,1,4,3,1,4,1,3,15,5,10,9,5,4
79,163,48,43,5,52,45,7,450,330,120,353,255,98,93,60,33
79,182,32,10,22,14,3,11,0,0,0,1,1,0,2,1,1
79,193,155,85,70,266,146,120,4403,2851,1552,4866,2358,2508,1916,1474,442
79,12,234,138,96,234,138,96,270,115,155,270,115,155,481,256,225
79,19,7,5,2,41,19,22,309,157,152,852,427,425,2106,1274,832
79,74,44,10,34,43,10,33,3880,1912,1968,1707,680,1027,573,254,319
79,80,4536,1968,2568,4536,1968,2568,5820,1949,3871,5820,1949,3871,762,289,473
79,145,14,7,7,17,8,9,87,42,45,52,34,18,94,44,50
79,200,76,27,49,79,28,51,65,12,53,97,11,86,103,69,34
79,50,2,0,2,1,0,1,3,1,2,6,2,4,0,0,0
79,157,0,0,0,0,0,0,23,21,2,26,23,3,9,9,0
79,24,1,1,0,0,0,0,1,0,1,0,0,0,0,0,0
79,42,7,4,3,7,3,4,0,0,0,1,1,0,1,1,0
79,225,1,1,0,0,0,0,0,0,0,1,0,1,1,0,1
79,37,3,0,3,21,8,13,432,222,210,505,260,245,201,100,101
79,220,1747,891,856,2092,1073,1019,4896,2473,2423,5087,2366,2721,3945,1902,2043
79,11,151,79,72,142,75,67,150,70,80,60,20,40,92,24,68
79,28,0,0,0,0,0,0,31,10,21,32,11,21,13,4,9
80,131,13,6,7,54,22,32,6,4,2,3,2,1,17,12,5
80,183,8,7,1,9,7,2,9,0,9,10,1,9,9,7,2
80,215,7,6,1,17,2,15,2,1,1,1,1,0,2,1,1
80,219,164,94,70,41,24,17,91,53,38,23,13,10,161,59,102
80,230,91,50,41,63,35,28,52,30,22,70,33,37,92,36,56
80,48,27,6,21,83,31,52,105,18,87,253,112,141,143,57,86
80,77,6,3,3,9,5,4,4,3,1,6,3,3,5,3,2
80,2,2883,1707,1176,2883,1706,1177,318,115,203,318,116,202,15,6,9
80,64,2314,1333,981,1729,1019,710,1076,760,316,533,170,363,1351,196,1155
80,118,11385,6448,4937,11117,6126,4991,1011,769,242,536,348,188,794,438,356
80,139,81,50,31,49,18,31,25,6,19,116,56,60,372,184,188
80,210,9,1,8,135,74,61,39,15,24,129,68,61,332,174,158
80,27,12,7,5,21,10,11,312,167,145,315,169,146,318,166,152
80,142,586,198,388,919,356,563,2490,1093,1397,343,134,209,754,296,458
80,191,8802,3077,5725,1672,139,1533,4625,2025,2600,16746,8199,8547,3941,1930,2011
80,34,8,5,3,8,5,3,12,6,6,12,6,6,2,1,1
80,89,129,118,11,81,35,46,869,272,597,1067,361,706,340,140,200
80,117,22,21,1,24,20,4,486,179,307,218,177,41,136,56,80
80,181,33,15,18,72,52,20,51,39,12,88,62,26,22,11,11
80,184,4,4,0,4,4,0,3,2,1,1,1,0,1,1,0
80,206,12,5,7,14,6,8,16,7,9,55,31,24,28,13,15
80,108,110017,51270,58747,110017,51269,58748,22457,13149,9308,22457,13150,9307,13061,8284,4777
80,112,4706,1992,2714,4870,2062,2808,1779,773,1006,1837,797,1040,242,107,135
80,202,39,2,37,37,7,30,34,20,14,30,13,17,4,3,1
80,212,1024,375,649,522,201,321,70,9,61,143,24,119,38,11,27
80,223,4651,2174,2477,5358,2398,2960,261,135,126,364,32,332,388,105,283
80,44,153,112,41,153,112,41,149,88,61,154,92,62,41,8,33
80,106,410,90,320,278,56,222,1337,581,756,339,119,220,395,198,197
80,136,4,4,0,6,4,2,38,25,13,50,36,14,14,7,7
80,166,154,114,40,409,297,112,119,8,111,336,319,17,242,133,109
80,35,29,17,12,29,18,11,17,10,7,17,10,7,4,2,2
80,161,324,164,160,610,344,266,984,604,380,1105,660,445,59,38,21
80,203,248,211,37,228,182,46,290,287,3,169,145,24,183,171,12
80,23,3,2,1,2,1,1,4,2,2,4,2,2,2,1,1
80,97,1514,872,642,1514,872,642,199,74,125,200,75,125,80,30,50
80,125,38,32,6,51,17,34,14,14,0,57,49,8,46,45,1
80,194,62,50,12,64,39,25,131,49,82,269,150,119,8,6,2
80,9,40,33,7,66,39,27,259,110,149,85,33,52,259,86,173
80,13,48,7,41,5,1,4,17,13,4,28,5,23,14,3,11
80,55,268,102,166,267,101,166,548,224,324,1043,457,586,121,68,53
80,79,2569,1148,1421,2570,1148,1422,794,351,443,780,346,434,120,52,68
80,103,880,179,701,661,326,335,2105,913,1192,1805,811,994,719,247,472
80,107,229,125,104,227,126,101,386,276,110,359,248,111,858,586,272
80,115,103,47,56,103,48,55,86,35,51,86,34,52,35,30,5
80,211,38608,17767,20841,39387,17954,21433,7772,748,7024,8009,607,7402,6951,1428,5523
80,18,18,8,10,18,8,10,3,2,1,3,2,1,4,2,2
80,31,373,204,169,373,205,168,531,305,226,467,270,197,1831,1018,813
80,56,1188,644,544,1187,643,544,3544,3414,130,3224,3043,181,4053,3455,598
80,95,1441,975,466,1440,975,465,5007,2627,2380,5006,2627,2379,2066,443,1623
80,162,20852,10307,10545,17837,8681,9156,14621,5466,9155,11770,4562,7208,2836,741,2095
80,167,43,23,20,395,207,188,315,164,151,277,190,87,93,63,30
80,169,280,265,15,141,138,3,406,152,254,275,230,45,1269,781,488
80,170,4977,3448,1529,2002,772,1230,3522,2392,1130,6525,3850,2675,2659,960,1699
80,187,1205,783,422,1607,1032,575,372,256,116,417,285,132,815,570,245
80,216,43,4,39,34,4,30,107,56,51,52,27,25,3,3,0
80,59,2764,1706,1058,2763,1705,1058,3691,2130,1561,3690,2130,1560,1496,578,918
80,68,255,130,125,254,129,125,204,129,75,195,122,73,98,54,44
80,70,10,5,5,3,1,2,4,3,1,4,2,2,4,3,1
80,73,214,179,35,213,179,34,1592,828,764,1592,828,764,2049,917,1132
80,96,119,50,69,118,49,69,347,168,179,347,168,179,111,64,47
80,101,950,404,546,3310,1714,1596,4204,1678,2526,2310,25,2285,303,8,295
80,114,1171,1023,148,1172,1024,148,735,634,101,798,712,86,500,263,237
80,120,216,119,97,444,238,206,214,134,80,55,44,11,274,161,113
80,153,497,283,214,2127,1216,911,2689,1530,1159,10719,6327,4392,3359,1712,1647
80,199,5597,2384,3213,2577,1018,1559,3429,2067,1362,6574,3535,3039,2315,1312,1003
80,218,20171,9391,10780,24093,10660,13433,4107,2339,1768,25390,12722,12668,35401,12592,22809
80,4,4,1,3,4,0,4,46,26,20,9,5,4,74,38,36
80,26,4,1,3,5,2,3,277,126,151,28,19,9,57,27,30
80,52,1677,657,1020,948,412,536,12894,6820,6074,12894,6820,6074,213,58,155
80,83,36480,17494,18986,37514,17358,20156,8164,3611,4553,8164,3611,4553,4900,3703,1197
80,104,20262,4833,15429,20263,4834,15429,82168,39793,42375,82167,39793,42374,4414,2188,2226
80,127,55,25,30,200,94,106,178,87,91,159,79,80,232,134,98
80,163,3636,1749,1887,4436,2177,2259,1963,1021,942,2371,1078,1293,2315,586,1729
80,182,471,243,228,6324,3194,3130,10008,4970,5038,379,197,182,372,208,164
80,188,1432,638,794,1420,660,760,5623,2820,2803,2151,963,1188,5200,2273,2927
80,193,19400,10347,9053,60300,31083,29217,19877,9607,10270,32534,16262,16272,12013,7672,4341
80,204,3,1,2,2,1,1,0,0,0,1,0,1,3,2,1
80,12,12924,6278,6646,12924,6278,6646,32295,17018,15277,32294,17017,15277,32436,15395,17041
80,19,4049,1685,2364,3168,1278,1890,1401,264,1137,4221,1915,2306,5043,2317,2726
80,74,5547,353,5194,5547,353,5194,40038,26324,13714,26574,16659,9915,17645,5840,11805
80,119,266,120,146,245,101,144,71,13,58,75,19,56,175,89,86
80,121,2058,456,1602,1946,400,1546,274,121,153,373,165,208,4957,2330,2627
80,145,4521,3051,1470,2787,1456,1331,5653,909,4744,3187,1757,1430,2487,1780,707
80,200,39603,29840,9763,40336,30501,9835,30901,10829,20072,36190,1270,34920,54036,38514,15522
80,7,12,6,6,11,5,6,5,2,3,5,3,2,5,2,3
80,14,29,20,9,30,22,8,24,4,20,23,4,19,22,9,13
80,29,6,3,3,5,2,3,6,3,3,6,3,3,6,3,3
80,38,49,33,16,49,32,17,8,5,3,7,4,3,2,1,1
80,53,182,106,76,182,105,77,2,0,2,33,13,20,35,16,19
80,61,3,1,2,3,1,2,4,2,2,5,3,2,4,2,2
80,62,563,287,276,562,287,275,2304,1296,1008,2331,1312,1019,87,57,30
80,86,42,21,21,42,22,20,47,17,30,47,18,29,11,3,8
80,92,159,101,58,158,101,57,218,137,81,217,136,81,208,130,78
80,164,569,268,301,565,268,297,237,112,125,345,167,178,11,6,5
80,174,10,4,6,16,6,10,9,4,5,4,2,2,4,2,2
80,209,13,6,7,11,5,6,9,4,5,101,55,46,8,6,2
80,20,2,1,1,1,0,1,5,3,2,5,3,2,9,5,4
80,50,191,109,82,347,190,157,491,290,201,905,522,383,74,38,36
80,65,117,72,45,118,73,45,5,5,0,6,6,0,9,5,4
80,88,96,30,66,96,30,66,76,69,7,76,70,6,84,57,27
80,94,6,4,2,5,4,1,5,3,2,5,2,3,6,5,1
80,133,428,346,82,644,475,169,353,232,121,1048,627,421,2690,1391,1299
80,148,77,44,33,22,2,20,18,2,16,18,13,5,21,14,7
80,157,60,38,22,82,50,32,224,123,101,256,146,110,159,93,66
80,8,3002,1477,1525,3001,1475,1526,831,334,497,831,333,498,1233,570,663
80,24,173,87,86,158,78,80,53,12,41,54,14,40,285,142,143
80,28,3038,1446,1592,3038,1446,1592,1622,320,1302,1880,471,1409,3288,1918,1370
80,42,10,10,0,10,9,1,1023,526,497,1022,525,497,4765,635,4130
80,46,224,113,111,225,114,111,190,94,96,164,119,45,157,100,57
80,63,215,84,131,215,84,131,329,187,142,873,407,466,1376,668,708
80,159,114,58,56,120,68,52,89,51,38,85,51,34,41,24,17
80,160,266,146,120,308,161,147,363,191,172,210,114,96,219,118,101
80,222,368,231,137,642,283,359,302,125,177,243,104,139,232,93,139
80,225,463,226,237,455,229,226,39,5,34,34,2,32,161,61,100
80,22,9,6,3,11,7,4,6,0,6,6,0,6,3,2,1
80,37,769,721,48,3430,1287,2143,9508,4774,4734,492,272,220,19629,9391,10238
80,84,1,0,1,7,2,5,21,18,3,13,13,0,18,16,2
80,220,16820,7717,9103,11595,7331,4264,43631,19867,23764,35504,23035,12469,1888,982,906
80,11,1360,1067,293,6022,3209,2813,3920,1420,2500,3310,950,2360,8364,3894,4470
80,147,1581,734,847,1273,692,581,2139,1032,1107,1673,802,871,1483,706,777
80,76,31,19,12,25,15,10,17,13,4,13,6,7,19,13,6
80,177,10,6,4,10,6,4,4,2,2,6,4,2,2,2,0
80,36,0,0,0,0,0,0,296,150,146,60,25,35,32,21,11
80,137,0,0,0,0,0,0,0,0,0,1785,562,1223,91,36,55
80,54,0,0,0,0,0,0,0,0,0,115,59,56,9,5,4
81,230,201,141,60,117,82,35,4,3,1,7,1,6,60,28,32
81,77,383,326,57,654,558,96,285,243,42,458,391,67,374,317,57
81,64,28,25,3,16,15,1,33,28,5,16,10,6,41,22,19
81,118,84,74,10,74,64,10,68,57,11,47,39,8,69,54,15
81,116,17,11,6,20,14,6,1,1,0,1,1,0,2,2,0
81,142,10,5,5,13,9,4,40,23,17,6,3,3,12,6,6
81,191,2440,1318,1122,1290,656,634,548,346,202,1968,1316,652,1884,1271,613
81,21,91,55,36,91,54,37,1572,912,660,1571,912,659,1503,882,621
81,32,5980,2114,3866,1383,290,1093,1846,606,1240,3517,1163,2354,1407,499,908
81,34,19,10,9,19,11,8,26,14,12,27,14,13,2,1,1
81,51,9051,3911,5140,23957,9454,14503,13544,5249,8295,11762,4545,7217,1576,609,967
81,89,204,197,7,128,101,27,1370,1016,354,1682,1263,419,536,417,119
81,117,229,66,163,181,58,123,2896,447,2449,1633,605,1028,507,453,54
81,126,410,275,135,113,89,24,7357,3880,3477,7460,3926,3534,1356,699,657
81,130,22,17,5,26,16,10,9,5,4,5,3,2,2,1,1
81,149,1303,663,640,1279,653,626,29,11,18,27,9,18,22,7,15
81,150,5954,3050,2904,9203,4806,4397,29697,16234,13463,50461,27561,22900,51740,28099,23641
81,181,67,50,17,148,130,18,105,93,12,178,153,25,46,36,10
81,184,35,34,1,34,33,1,28,24,4,8,8,0,4,4,0
81,206,6890,2438,4452,6880,3907,2973,6193,3399,2794,10343,3268,7075,3803,861,2942
81,106,589,265,324,470,196,274,119,43,76,107,38,69,39,24,15
81,161,2,1,1,3,3,0,10,10,0,13,13,0,0,0,0
81,55,9,4,5,8,4,4,18,9,9,33,17,16,4,2,2
81,107,5,3,2,5,3,2,14,12,2,13,10,3,32,25,7
81,211,49,44,5,51,44,7,4,4,0,4,4,0,2,2,0
81,31,1,0,1,1,0,1,2,0,2,2,1,1,4,3,1
81,56,6,4,2,5,4,1,49,41,8,44,38,6,63,56,7
81,95,21,10,11,20,9,11,20,14,6,19,13,6,7,3,4
81,162,10,7,3,7,5,2,7,6,1,4,4,0,1,1,0
81,169,0,0,0,0,0,0,0,0,0,0,0,0,108,87,21
81,170,37,7,30,36,2,34,60,51,9,57,47,10,6,4,2
81,187,4,4,0,7,5,2,2,1,1,2,2,0,4,2,2
81,59,287,154,133,287,155,132,359,180,179,358,179,179,214,144,70
81,70,0,0,0,1,1,0,5,1,4,11,3,8,2,2,0
81,73,87,68,19,87,68,19,357,245,112,356,244,112,648,412,236
81,96,5,3,2,4,2,2,13,3,10,13,3,10,16,13,3
81,101,171,72,99,319,150,169,37,19,18,95,65,30,11,2,9
81,153,368,139,229,170,112,58,159,39,120,330,203,127,358,220,138
81,199,144,83,61,67,36,31,429,278,151,517,276,241,687,397,290
81,218,10831,5167,5664,11551,5459,6092,15791,7349,8442,21495,10428,11067,11297,4699,6598
81,83,119,34,85,111,33,78,104,81,23,103,80,23,19,16,3
81,104,4638,2088,2550,4638,2089,2549,6086,4894,1192,6085,4893,1192,636,314,322
81,127,2,1,1,1,1,0,4,3,1,50,45,5,16,15,1
81,163,18,14,4,20,15,5,68,50,18,49,36,13,16,9,7
81,182,19,13,6,8,4,4,0,0,0,0,0,0,1,0,1
81,188,5,4,1,6,3,3,2,1,1,4,3,1,15,10,5
81,193,300,238,62,618,477,141,8376,7485,891,5165,4017,1148,3864,3363,501
81,12,175,112,63,174,111,63,202,100,102,201,99,102,359,210,149
81,19,9,6,3,51,25,26,1096,543,553,632,321,311,1448,865,583
81,74,180,50,130,180,50,130,547,471,76,801,542,259,506,245,261
81,80,3480,1424,2056,3478,1423,2055,3527,1093,2434,3526,1093,2433,1004,486,518
81,145,2246,1125,1121,2526,1261,1265,1376,671,705,1054,271,783,990,352,638
81,200,219,142,77,226,148,78,205,61,144,273,13,260,413,293,120
81,7,8,4,4,7,3,4,2,1,1,2,1,1,2,1,1
81,14,21,12,9,21,12,9,10,0,10,11,0,11,4,3,1
81,174,3,2,1,5,3,2,3,3,0,2,1,1,1,1,0
81,50,0,0,0,0,0,0,0,0,0,0,0,0,0,0,0
81,24,1,1,0,0,0,0,5,4,1,5,4,1,2,2,0
81,42,1,0,1,1,1,0,1,0,1,2,1,1,3,2,1
81,63,2,1,1,1,1,0,3,2,1,7,5,2,11,8,3
81,225,1,1,0,0,0,0,1,1,0,3,2,1,2,2,0
81,22,15,8,7,14,8,6,39,23,16,39,24,15,1,1,0
81,37,5073,2432,2641,5346,2565,2781,1710,999,711,2824,1573,1251,2511,1249,1262
81,220,21475,13666,7809,23208,14811,8397,21827,14003,7824,22899,9798,13101,24040,14097,9943
81,11,631,321,310,535,264,271,680,330,350,1360,690,670,1106,593,513
81,28,0,0,0,0,0,0,30,21,9,31,21,10,12,8,4
81,68,0,0,0,0,0,0,0,0,0,6,4,2,0,0,0
82,64,0,0,0,0,0,0,1,1,0,1,1,0,2,1,1
82,191,5,4,1,2,0,2,4,3,1,16,12,4,11,9,2
82,55,1,1,0,0,0,0,1,1,0,2,2,0,0,0,0
82,31,1,0,1,1,0,1,2,0,2,2,1,1,2,1,1
82,101,13,6,7,25,14,11,2,1,1,7,6,1,1,0,1
82,218,1936,815,1121,1779,753,1026,1216,527,689,1927,916,1011,1312,554,758
82,83,2,1,1,2,1,1,3,0,3,4,1,3,0,0,0
82,74,2,0,2,2,0,2,47,8,39,45,6,39,5,1,4
82,145,5,5,0,7,4,3,11,0,11,3,0,3,4,3,1
82,50,1,0,1,1,0,1,1,0,1,2,0,2,0,0,0
82,8,1,0,1,1,0,1,8,3,5,8,3,5,0,0,0
82,24,1,0,1,1,1,0,1,1,0,1,0,1,0,0,0
82,42,0,0,0,0,0,0,1,0,1,1,0,1,2,0,2
82,37,23,10,13,29,14,15,42,29,13,44,38,6,35,22,13
82,11,38,17,21,13,5,8,40,40,0,20,20,0,47,23,24
82,68,0,0,0,0,0,0,0,0,0,1,0,1,0,0,0
83,215,1,1,0,3,0,3,1,0,1,1,1,0,1,0,1
83,64,229,109,120,143,73,70,178,113,65,88,13,75,253,15,238
83,118,926,347,579,879,289,590,376,286,90,201,131,70,295,163,132
83,191,413,128,285,704,520,184,736,366,370,2667,1448,1219,2556,1409,1147
83,108,6404,3047,3357,6404,3046,3358,807,485,322,807,485,322,469,304,165
83,161,96,55,41,130,73,57,52,29,23,43,27,16,3,3,0
83,194,10,8,2,11,7,4,22,9,13,45,25,20,1,1,0
83,9,2225,881,1344,1314,520,794,701,257,444,229,75,154,55,51,4
83,55,2442,1271,1171,2441,1270,1171,4999,2715,2284,9520,5381,4139,1109,731,378
83,103,403,172,231,307,139,168,465,210,255,496,221,275,94,34,60
83,107,21,10,11,21,9,12,34,21,13,31,17,14,75,42,33
83,211,23436,11311,12125,23152,11255,11897,1682,71,1611,1733,36,1697,1646,380,1266
83,18,25,19,6,26,19,7,4,1,3,5,2,3,4,1,3
83,31,699,298,401,698,298,400,1120,564,556,961,481,480,3037,1894,1143
83,56,222,133,89,222,133,89,171,80,91,230,103,127,193,155,38
83,95,349,139,210,349,139,210,212,111,101,212,112,100,85,49,36
83,162,574,361,213,490,305,185,109,11,98,205,56,149,115,45,70
83,167,4,2,2,35,21,14,29,17,12,40,25,15,8,6,2
83,169,526,248,278,264,25,239,622,244,378,384,380,4,822,361,461
83,170,118,48,70,113,10,103,44,40,4,40,19,21,36,16,20
83,187,110,70,40,143,89,54,32,21,11,36,24,12,70,48,22
83,59,178,121,57,177,121,56,181,99,82,181,100,81,700,403,297
83,73,37,31,6,37,31,6,169,115,54,168,114,54,622,381,241
83,96,3,2,1,2,1,1,8,4,4,8,5,3,11,10,1
83,101,56,32,24,144,89,55,201,119,82,118,44,74,13,4,9
83,114,157,70,87,157,70,87,11,7,4,11,7,4,6,4,2
83,120,2,2,0,3,1,2,26,17,9,22,14,8,8,6,2
83,153,20,7,13,80,66,14,80,36,44,200,121,79,1415,804,611
83,199,1592,930,662,733,412,321,102,58,44,632,323,309,4137,2342,1795
83,218,9669,5521,4148,10073,5710,4363,691,611,80,2022,1004,1018,4361,2101,2260
83,1,3244,1547,1697,3244,1547,1697,7260,1490,5770,7261,3485,3776,2935,1409,1526
83,52,68,33,35,60,30,30,9,4,5,9,4,5,1,0,1
83,104,4919,3279,1640,4920,3279,1641,3683,1828,1855,3682,1828,1854,315,156,159
83,127,2,1,1,19,11,8,20,12,8,20,19,1,18,14,4
83,163,39,24,15,43,25,18,33,20,13,8,6,2,16,6,10
83,182,601,305,296,257,121,136,13,12,1,21,11,10,22,12,10
83,188,9,4,5,10,4,6,7,6,1,28,13,15,19,16,3
83,193,167,101,66,515,318,197,815,511,304,1489,947,542,357,50,307
83,204,15,6,9,15,6,9,5,2,3,6,3,3,17,7,10
83,12,283,195,88,282,195,87,326,186,140,326,186,140,581,376,205
83,19,1134,712,422,1688,977,711,1976,1302,674,748,569,179,2552,1343,1209
83,74,450,99,351,450,99,351,3348,1474,1874,510,32,478,974,432,542
83,80,9755,948,8807,9754,948,8806,72684,38447,34237,72685,38448,34237,7165,3785,3380
83,119,8,2,6,8,2,6,27,11,16,26,11,15,2,0,2
83,121,169,86,83,178,91,87,100,51,49,112,55,57,632,327,305
83,145,818,504,314,1028,637,391,937,529,408,1148,469,679,4822,2625,2197
83,200,193,138,55,208,156,52,985,431,554,1118,226,892,1379,1019,360
83,14,9,4,5,8,2,6,15,10,5,14,9,5,7,4,3
83,62,11,6,5,10,6,4,27,15,12,28,16,12,3,2,1
83,50,6,2,4,4,3,1,9,6,3,16,10,6,1,0,1
83,133,35,25,10,37,32,5,39,29,10,11,10,1,3,1,2
83,157,11,7,4,5,3,2,40,29,11,46,38,8,48,39,9
83,8,531,169,362,530,168,362,561,253,308,561,253,308,3,1,2
83,24,3,2,1,4,2,2,7,5,2,7,6,1,4,3,1
83,28,390,288,102,390,288,102,593,405,188,623,424,199,312,174,138
83,42,14,6,8,15,7,8,36,8,28,36,7,29,77,30,47
83,46,15,2,13,16,3,13,12,4,8,12,9,3,8,6,2
83,63,3,2,1,3,3,0,5,4,1,14,12,2,22,18,4
83,160,5,4,1,7,5,2,8,5,3,4,3,1,4,3,1
83,225,170,109,61,150,97,53,25,15,10,24,14,10,12,5,7
83,22,1,1,0,3,2,1,12,5,7,11,5,6,1,1,0
83,37,3164,1710,1454,1330,813,517,7292,2584,4708,3177,449,2728,7680,3920,3760
83,220,9261,4234,5027,2387,439,1948,12107,5932,6175,10224,6515,3709,2162,1311,851
83,11,5109,3198,1911,12191,6466,5725,1870,1820,50,6510,4200,2310,4041,1604,2437
83,36,0,0,0,0,0,0,193,128,65,40,24,16,16,11,5
83,68,0,0,0,0,0,0,0,0,0,25,13,12,2,1,1
83,137,0,0,0,0,0,0,0,0,0,50,40,10,6,5,1
84,31,1,1,0,0,0,0,1,1,0,0,0,0,1,1,0
84,59,1909,793,1116,1908,793,1115,1382,677,705,1382,677,705,1184,585,599
84,70,45,19,26,10,8,2,32,9,23,11,1,10,9,2,7
84,96,3,1,2,2,1,1,13,7,6,12,6,6,21,7,14
84,101,1,1,0,1,1,0,0,0,0,1,1,0,0,0,0
84,114,0,0,0,0,0,0,0,0,0,1,1,0,1,1,0
84,153,32,11,21,29,15,14,30,13,17,42,23,19,35,15,20
84,218,13,4,9,14,3,11,6,1,5,11,3,8,6,2,4
84,83,0,0,0,2,1,1,2,1,1,3,2,1,0,0,0
84,74,1,0,1,0,0,0,5,3,2,4,2,2,1,0,1
84,53,47,25,22,47,24,23,1,1,0,9,3,6,9,3,6
84,50,2,2,0,1,1,0,2,1,1,4,2,2,0,0,0
84,88,40,16,24,41,16,25,47,33,14,47,34,13,52,30,22
84,8,1,0,1,1,0,1,9,1,8,10,2,8,0,0,0
84,42,0,0,0,1,1,0,1,0,1,1,0,1,2,1,1
84,37,25,12,13,25,12,13,33,16,17,31,14,17,0,0,0
85,56,0,0,0,0,0,0,1,1,0,0,0,0,0,0,0
85,95,2,1,1,1,0,1,1,1,0,2,1,1,2,2,0
85,59,2,2,0,4,3,1,2,1,1,1,0,1,2,1,1
85,73,1,1,0,0,0,0,0,0,0,0,0,0,0,0,0
85,101,5,3,2,9,5,4,0,0,0,3,3,0,0,0,0
85,199,6,5,1,3,2,1,2,1,1,7,2,5,4,3,1
85,218,4001,1774,2227,4093,1812,2281,635,335,300,85,43,42,1099,434,665
85,83,2,0,2,4,1,3,2,0,2,2,0,2,0,0,0
85,104,4,2,2,3,1,2,4,0,4,4,0,4,0,0,0
85,12,1,0,1,1,1,0,2,1,1,1,0,1,2,1,1
85,145,6,3,3,9,3,6,11,1,10,5,0,5,2,0,2
85,200,2,0,2,0,0,0,3,1,2,6,1,5,7,5,2
85,7,22,17,5,21,16,5,12,7,5,11,6,5,11,6,5
85,10,19,5,14,19,5,14,13,0,13,18,1,17,13,3,10
85,14,1,1,0,1,0,1,4,1,3,2,0,2,3,1,2
85,17,51,24,27,52,24,28,150,53,97,147,53,94,18,6,12
85,25,5,1,4,5,1,4,0,0,0,15,4,11,0,0,0
85,38,6,3,3,7,4,3,1,0,1,1,1,0,1,0,1
85,53,43,26,17,44,26,18,1,0,1,8,4,4,8,4,4
85,105,31,15,16,30,14,16,6,3,3,6,2,4,5,3,2
85,173,10,6,4,12,7,5,6,1,5,4,3,1,1,1,0
85,174,23,14,9,34,21,13,19,12,7,8,5,3,8,5,3
85,176,15,7,8,16,7,9,8,4,4,8,4,4,9,2,7
85,209,1523,732,791,3918,1978,1940,825,351,474,4225,1987,2238,278,193,85
85,221,57,27,30,58,27,31,5,4,1,7,5,2,0,0,0
85,50,2,2,0,1,1,0,2,1,1,4,2,2,0,0,0
85,157,10,3,7,9,3,6,9,6,3,11,7,4,5,4,1
85,8,1,0,1,1,0,1,6,0,6,8,1,7,0,0,0
85,24,1,1,0,0,0,0,1,1,0,1,1,0,0,0,0
85,42,1,1,0,1,1,0,1,0,1,1,0,1,2,0,2
85,91,27,14,13,27,15,12,29,16,13,28,16,12,28,15,13
85,225,115,42,73,86,31,55,33,5,28,28,6,22,11,4,7
85,37,2095,1000,1095,2252,1077,1175,907,238,669,991,20,971,1212,474,738
85,220,5300,2400,2900,6242,2853,3389,750,412,338,1118,198,920,1320,520,800
85,11,7,2,5,6,4,2,40,40,0,10,10,0,7,4,3
85,193,90,44,46,1005,537,468,568,305,263,14,14,0,109,47,62
85,28,0,0,0,0,0,0,13,11,2,13,11,2,5,4,1
85,54,0,0,0,0,0,0,0,0,0,2,1,1,0,0,0
86,211,16,8,8,17,7,10,1,0,1,1,0,1,0,0,0
86,59,4,3,1,4,3,1,0,0,0,0,0,0,0,0,0
86,83,0,0,0,2,1,1,10,5,5,10,5,5,0,0,0
86,7,8,4,4,8,4,4,5,2,3,4,2,2,5,3,2
86,25,66,33,33,66,32,34,12,6,6,181,81,100,3,3,0
86,61,5,2,3,4,2,2,4,1,3,6,1,5,5,1,4
86,62,11,7,4,10,6,4,32,25,7,33,25,8,3,2,1
86,129,747,257,490,747,256,491,228,2,226,227,1,226,191,31,160
86,174,6,1,5,9,2,7,5,2,3,3,1,2,2,1,1
86,186,0,0,0,0,0,0,984,460,524,984,459,525,83,37,46
86,42,3,1,2,2,0,2,1,0,1,2,0,2,5,1,4
86,75,91,9,82,91,10,81,131,77,54,131,77,54,22,5,17
86,37,108,52,56,114,55,59,107,69,38,134,84,50,69,37,32
86,11,5,2,3,4,1,3,0,0,0,0,0,0,32,32,0
86,54,0,0,0,0,0,0,0,0,0,87,38,49,7,3,4
87,161,431,193,238,567,252,315,55,26,29,21,15,6,16,9,7
87,211,0,0,0,0,0,0,0,0,0,0,0,0,0,0,0
87,83,0,0,0,1,0,1,1,1,0,2,1,1,0,0,0
87,12,0,0,0,0,0,0,0,0,0,0,0,0,0,0,0
87,50,1,1,0,0,0,0,1,0,1,2,0,2,0,0,0
87,42,2,0,2,1,0,1,1,0,1,1,0,1,3,2,1
87,37,17,8,9,18,9,9,30,14,16,29,14,15,0,0,0
87,11,4,4,0,6,5,1,20,20,0,10,0,10,45,33,12
87,134,6,0,6,8,6,2,4,3,1,2,1,1,1,0,1
87,152,124,104,20,196,106,90,102,94,8,470,266,204,84,39,45
87,156,106,46,60,10,6,4,18,10,8,12,12,0,6,6,0
88,64,2,1,1,0,0,0,1,1,0,1,1,0,2,1,1
88,191,34,18,16,18,10,8,7,5,2,27,18,9,19,13,6
88,161,116,47,69,151,60,91,125,49,76,117,48,69,2,1,1
88,55,0,0,0,0,0,0,0,0,0,0,0,0,0,0,0
88,31,1,0,1,1,0,1,2,1,1,1,0,1,3,1,2
88,56,1,1,0,1,1,0,14,5,9,12,5,7,5,5,0
88,95,3,1,2,3,2,1,3,2,1,3,2,1,2,1,1
88,59,56,26,30,55,25,30,49,24,25,49,24,25,10,9,1
88,73,5,4,1,4,3,1,21,11,10,20,11,9,31,16,15
88,96,7,4,3,6,4,2,3,1,2,3,1,2,7,5,2
88,101,42,18,24,79,39,40,10,5,5,23,16,7,3,1,2
88,114,0,0,0,0,0,0,0,0,0,0,0,0,0,0,0
88,153,26,16,10,51,21,30,70,38,32,35,18,17,56,20,36
88,199,96,48,48,45,22,23,37,20,17,65,29,36,68,37,31
88,218,203,76,127,209,78,131,198,77,121,255,103,152,115,38,77
88,83,12,8,4,12,8,4,1,1,0,1,0,1,1,1,0
88,104,245,41,204,245,41,204,769,356,413,768,356,412,48,24,24
88,163,8,2,6,10,3,7,5,4,1,5,2,3,3,0,3
88,193,239,88,151,763,296,467,1666,711,955,2797,1210,1587,971,183,788
88,12,26,15,11,26,15,11,31,13,18,30,12,18,53,28,25
88,19,7,5,2,35,19,16,871,528,343,36,22,14,55,28,27
88,74,53,12,41,52,11,41,1098,652,446,311,180,131,226,100,126
88,80,61,13,48,61,13,48,685,318,367,685,319,366,70,31,39
88,145,77,35,42,86,39,47,219,124,95,85,33,52,124,67,57
88,200,105,65,40,109,67,42,83,19,64,125,13,112,152,102,50
88,14,1,1,0,1,1,0,12,6,6,11,6,5,3,1,2
88,53,37,21,16,37,20,17,1,1,0,7,3,4,7,3,4
88,62,53,34,19,52,33,19,97,91,6,99,94,5,23,13,10
88,105,16,9,7,15,9,6,8,2,6,9,3,6,7,3,4
88,164,28,13,15,31,15,16,17,8,9,52,27,25,130,62,68
88,174,2,1,1,2,1,1,0,0,0,0,0,0,0,0,0
88,20,1700,674,1026,1708,675,1033,1964,910,1054,1973,915,1058,3236,1494,1742
88,50,375,184,191,427,208,219,700,371,329,1291,664,627,105,47,58
88,65,1011,441,570,1012,441,571,1155,560,595,1154,560,594,364,176,188
88,94,102,8,94,101,8,93,70,15,55,71,15,56,95,63,32
88,133,22667,10238,12429,20520,8964,11556,4312,2073,2239,4120,277,3843,20240,10020,10220
88,148,234,124,110,299,165,134,330,178,152,105,61,44,128,72,56
88,157,97,51,46,127,65,62,360,216,144,407,248,159,239,133,106
88,8,42,0,42,43,1,42,52,23,29,53,23,30,0,0,0
88,24,2,1,1,3,1,2,11,1,10,10,0,10,20,11,9
88,28,53,51,2,52,50,2,67,19,48,64,18,46,59,31,28
88,42,39,8,31,38,8,30,41,7,34,41,7,34,89,38,51
88,46,41,26,15,41,26,15,11,10,1,72,42,30,31,18,13
88,63,18,9,9,17,8,9,32,18,14,85,38,47,134,63,71
88,160,14,8,6,18,9,9,21,10,11,11,6,5,12,7,5
88,225,78,32,46,68,28,40,8,7,1,7,6,1,10,2,8
88,37,2568,1219,1349,2833,1348,1485,441,434,7,1307,886,421,1847,942,905
88,220,120388,61228,59160,134538,68935,65603,144374,74805,69569,152034,71016,81018,104118,50965,53153
88,11,59,30,29,44,22,22,30,0,30,70,40,30,76,42,34
88,68,0,0,0,0,0,0,0,0,0,7,4,3,0,0,0
89,5,21,6,15,21,7,14,51,19,32,50,19,31,108,43,65
89,77,300,221,79,511,377,134,223,166,57,358,265,93,293,215,78
89,64,44,44,0,33,33,0,20,19,1,10,9,1,25,21,4
89,139,55,33,22,33,12,21,17,4,13,79,38,41,254,126,128
89,228,55,37,18,56,38,18,111,77,34,111,77,34,126,89,37
89,142,4,2,2,4,3,1,15,9,6,3,2,1,5,3,2
89,191,30,14,16,15,7,8,6,4,2,24,15,9,17,11,6
89,34,20,11,9,19,10,9,150,70,80,149,69,80,15,6,9
89,51,1702,500,1202,20650,11256,9394,13452,7223,6229,10036,5366,4670,3502,1882,1620
89,78,5809,3057,2752,7755,4202,3553,295,280,15,837,451,386,1404,783,621
89,81,6,3,3,8,2,6,33,22,11,3,1,2,21,14,7
89,90,899,546,353,899,547,352,255,205,50,254,205,49,281,121,160
89,117,247,236,11,1301,1197,104,5856,2107,3749,10086,3734,6352,4283,3144,1139
89,126,1268,626,642,3237,1551,1686,1644,768,876,161,70,91,1298,622,676
89,130,306,247,59,362,234,128,134,80,54,64,48,16,29,17,12
89,181,1949,1123,826,4283,3190,1093,3061,2352,709,5129,3888,1241,1354,867,487
89,184,2056,1943,113,2011,1897,114,1566,1322,244,503,462,41,236,219,17
89,206,196,103,93,221,116,105,249,131,118,745,459,286,374,205,169
89,55,0,0,0,0,0,0,0,0,0,0,0,0,0,0,0
89,31,1,1,0,1,1,0,2,1,1,2,2,0,2,1,1
89,56,3,3,0,2,2,0,32,23,9,28,20,8,4,2,2
89,95,7,4,3,7,5,2,7,6,1,7,7,0,4,4,0
89,162,3,2,1,2,2,0,22,20,2,24,20,4,1,1,0
89,169,0,0,0,0,0,0,0,0,0,0,0,0,73,59,14
89,170,52,10,42,48,1,47,73,30,43,78,35,43,4,2,2
89,59,17,6,11,16,6,10,19,11,8,18,11,7,24,19,5
89,73,1,1,0,1,1,0,24,19,5,23,19,4,46,35,11
89,96,2,1,1,2,2,0,4,1,3,3,0,3,6,5,1
89,101,17,9,8,32,19,13,2,1,1,10,8,2,1,0,1
89,153,6,4,2,5,1,4,47,29,18,87,42,45,102,50,52
89,199,16,10,6,8,4,4,58,41,17,169,116,53,178,111,67
89,218,108,59,49,111,59,52,949,510,439,1048,568,480,277,135,142
89,83,6,5,1,7,5,2,81,76,5,81,77,4,4,4,0
89,104,587,385,202,586,384,202,1311,951,360,1311,952,359,41,20,21
89,163,100,82,18,109,88,21,2030,1048,982,1645,837,808,387,122,265
89,193,509,305,204,1726,976,750,3718,3170,548,3923,2921,1002,2494,2254,240
89,12,22,18,4,21,17,4,25,19,6,24,18,6,45,35,10
89,19,2,2,0,20,13,7,914,500,414,2539,1307,1232,8216,4711,3505
89,74,253,84,169,252,83,169,13066,7019,6047,6540,3353,3187,2282,1176,1106
89,80,648,525,123,648,526,122,1049,606,443,1048,606,442,141,97,44
89,145,185,152,33,207,169,38,2018,1511,507,516,427,89,429,137,292
89,200,200,138,62,203,139,64,126,77,49,144,65,79,183,152,31
89,8,0,0,0,0,0,0,0,0,0,0,0,0,0,0,0
89,24,1,0,1,2,0,2,4,3,1,3,3,0,1,1,0
89,42,2,0,2,2,1,1,1,0,1,1,0,1,3,2,1
89,37,539,259,280,558,269,289,1314,724,590,1473,809,664,483,254,229
89,220,1953,974,979,2077,1040,1037,4626,2326,2300,4746,2249,2497,3897,1888,2009
89,11,16,7,9,17,9,8,240,140,100,420,190,230,184,102,82
89,36,0,0,0,0,0,0,4605,2222,2383,940,368,572,517,332,185
89,28,0,0,0,0,0,0,28,16,12,29,16,13,12,7,5
90,64,4,3,1,2,2,0,13,13,0,6,6,0,16,16,0
90,118,15,14,1,19,18,1,26,24,2,23,23,0,35,35,0
90,228,58,28,30,59,29,30,117,61,56,117,61,56,133,71,62
90,191,12,0,12,9,2,7,2,1,1,9,3,6,6,3,3
90,34,300,183,117,299,183,116,1846,1004,842,1845,1004,841,186,96,90
90,51,36,19,17,20,11,9,9,5,4,2,2,0,12,7,5
90,78,1774,744,1030,2368,1039,1329,90,85,5,256,112,144,429,196,233
90,89,428,392,36,269,127,142,2869,1030,1839,3523,1348,2175,1124,506,618
90,117,52,51,1,58,49,9,1184,421,763,533,430,103,336,139,197
90,130,121,97,24,146,92,54,52,31,21,26,18,8,13,9,4
90,181,1091,370,721,4119,1320,2799,1566,9,1557,2741,749,1992,775,349,426
90,184,1,1,0,1,1,0,1,0,1,1,1,0,1,1,0
90,206,7,3,4,8,3,5,9,4,5,30,15,15,14,6,8
90,31,1,0,1,1,1,0,1,0,1,1,1,0,0,0,0
90,56,1,1,0,1,1,0,9,7,2,7,6,1,3,3,0
90,95,1,1,0,0,0,0,1,1,0,1,1,0,0,0,0
90,170,50,8,42,48,2,46,66,42,24,70,45,25,3,2,1
90,59,11,8,3,11,9,2,8,5,3,8,6,2,14,7,7
90,73,2,2,0,1,1,0,2,1,1,1,1,0,2,2,0
90,101,1,1,0,1,0,1,0,0,0,1,1,0,0,0,0
90,153,1,1,0,3,2,1,2,1,1,9,5,4,33,24,9
90,199,11,7,4,6,3,3,16,12,4,26,16,10,18,8,10
90,218,158,78,80,162,79,83,906,433,473,1011,490,521,282,121,161
90,83,2,0,2,2,0,2,3,0,3,4,1,3,0,0,0
90,104,117,72,45,116,72,44,257,182,75,257,182,75,10,5,5
90,163,7083,4317,2766,7638,4665,2973,3980,1965,2015,687,453,234,2447,887,1560
90,193,330,256,74,705,573,132,2777,2341,436,2203,1646,557,1185,1136,49
90,12,5,4,1,4,4,0,6,5,1,5,4,1,10,9,1
90,19,1,1,0,1,0,1,15,5,10,0,0,0,52,44,8
90,74,261,98,163,260,98,162,6105,3369,2736,358,8,350,232,129,103
90,145,34,20,14,40,23,17,69,49,20,13,3,10,17,4,13
90,200,39,28,11,40,27,13,41,25,16,46,21,25,51,42,9
90,42,0,0,0,1,1,0,0,0,0,0,0,0,3,3,0
90,37,13,7,6,13,6,7,17,14,3,20,15,5,10,6,4
90,11,2,0,2,1,0,1,10,10,0,10,10,0,10,10,0
90,28,0,0,0,0,0,0,468,311,157,469,312,157,191,127,64
91,191,20,3,17,10,2,8,4,2,2,17,7,10,11,5,6
91,31,1,1,0,0,0,0,1,0,1,1,1,0,0,0,0
91,56,0,0,0,0,0,0,3,2,1,3,3,0,1,0,1
91,95,1,1,0,1,1,0,1,1,0,1,1,0,3,1,2
91,162,3,2,1,2,2,0,6,2,4,8,2,6,2,2,0
91,59,13,2,11,13,3,10,3,2,1,4,2,2,10,4,6
91,73,4,2,2,2,1,1,6,4,2,5,3,2,6,4,2
91,96,3,1,2,3,1,2,4,1,3,3,1,2,0,0,0
91,101,10,3,7,18,7,11,4,2,2,6,4,2,1,0,1
91,153,2,0,2,9,1,8,4,1,3,4,2,2,1,0,1
91,199,15,5,10,8,3,5,13,2,11,8,4,4,3,2,1
91,218,456,261,195,558,144,414,454,382,72,1153,394,759,2577,871,1706
91,83,1,1,0,3,2,1,2,1,1,1,1,0,0,0,0
91,104,14,1,13,13,1,12,21,7,14,21,8,13,2,1,1
91,193,5,2,3,155,67,88,87,38,49,27,24,3,15,6,9
91,12,2,1,1,1,0,1,2,0,2,1,0,1,3,1,2
91,19,0,0,0,1,0,1,3,0,3,5,2,3,8,4,4
91,74,1,0,1,1,1,0,4194,2061,2133,842,352,490,357,132,225
91,145,217,57,160,289,80,209,91,26,65,58,33,25,14,8,6
91,200,5,3,2,4,3,1,7,0,7,22,6,16,20,13,7
91,6,64,35,29,64,36,28,47,28,19,32,19,13,28,17,11
91,7,1829,793,1036,1828,792,1036,385,169,216,384,169,215,386,170,216
91,10,95,52,43,95,53,42,16,12,4,16,15,1,14,6,8
91,14,131,54,77,132,55,77,275,109,166,275,110,165,103,40,63
91,17,235,120,115,234,120,114,1614,845,769,1637,856,781,317,148,169
91,25,423,204,219,423,204,219,81,39,42,1171,572,599,19,8,11
91,29,148,67,81,147,66,81,165,84,81,165,84,81,165,84,81
91,38,69,34,35,69,33,36,54,42,12,55,43,12,4,2,2
91,61,22,12,10,17,10,7,25,13,12,30,17,13,27,15,12
91,62,5,3,2,5,3,2,16,10,6,17,11,6,1,1,0
91,85,104,56,48,106,57,49,14,2,12,15,3,12,4,1,3
91,86,35,18,17,34,17,17,28,8,20,28,8,20,7,2,5
91,138,71,41,30,70,41,29,6,3,3,6,3,3,13,8,5
91,164,5,3,2,6,2,4,24,11,13,34,16,18,2,2,0
91,173,108,58,50,169,92,77,85,46,39,59,33,26,21,12,9
91,174,287,123,164,414,182,232,250,112,138,95,45,50,107,45,62
91,176,8,4,4,9,5,4,8,6,2,4,2,2,5,2,3
91,186,0,0,0,0,0,0,867,423,444,868,423,445,72,33,39
91,209,474,200,274,598,232,366,385,149,236,3841,2106,1735,340,233,107
91,50,4,2,2,5,3,2,7,4,3,14,8,6,1,0,1
91,157,8,4,4,5,3,2,9,3,6,11,3,8,7,4,3
91,24,3,2,1,3,2,1,1,0,1,2,1,1,1,1,0
91,28,257,167,90,257,168,89,149,51,98,124,38,86,384,185,199
91,42,4,2,2,4,3,1,3,1,2,3,1,2,6,2,4
91,46,0,0,0,1,1,0,2,1,1,2,1,1,1,1,0
91,75,227,68,159,227,68,159,174,33,141,174,34,140,631,266,365
91,197,1203,660,543,1485,804,681,1746,977,769,1716,942,774,2020,1109,911
91,225,976,413,563,1121,448,673,813,486,327,899,551,348,739,305,434
91,22,10,3,7,10,3,7,15,10,5,15,10,5,1,1,0
91,37,9126,4257,4869,10850,5100,5750,3189,2077,1112,3984,332,3652,10155,4489,5666
91,220,41921,19997,21924,48570,23417,25153,18910,9569,9341,21730,8119,13611,17949,7999,9950
91,11,66,25,41,38,13,25,30,20,10,60,40,20,45,5,40
91,68,0,0,0,0,0,0,0,0,0,2,0,2,0,0,0
91,54,0,0,0,0,0,0,0,0,0,422,178,244,36,16,20
92,194,3,3,0,5,2,3,10,3,7,20,9,11,1,1,0
92,55,1,0,1,0,0,0,1,0,1,2,0,2,0,0,0
92,31,1,1,0,1,1,0,1,0,1,1,1,0,0,0,0
92,56,3,2,1,3,2,1,3,2,1,4,2,2,5,3,2
92,59,40,26,14,40,27,13,10,5,5,10,5,5,8,2,6
92,73,1,1,0,0,0,0,6,4,2,5,3,2,1,1,0
92,96,0,0,0,0,0,0,3,1,2,3,1,2,9,3,6
92,101,2,1,1,3,2,1,1,1,0,1,1,0,0,0,0
92,153,4,2,2,5,3,2,11,7,4,8,4,4,11,5,6
92,199,15,8,7,8,4,4,9,4,5,19,4,15,12,4,8
92,218,65,21,44,68,22,46,66,41,25,84,48,36,36,15,21
92,83,56,33,23,55,33,22,4,1,3,3,1,2,1,1,0
92,104,95,21,74,95,21,74,238,104,134,237,103,134,16,8,8
92,193,20,11,9,646,361,285,365,205,160,271,156,115,113,54,59
92,12,4,2,2,4,2,2,6,2,4,5,2,3,9,5,4
92,19,2,1,1,8,4,4,23,12,11,36,26,10,57,27,30
92,74,849,134,715,848,134,714,39128,17900,21228,3565,960,2605,5614,2236,3378
92,80,64,3,61,62,2,60,561,255,306,560,255,305,53,24,29
92,145,128,61,67,142,67,75,431,224,207,273,150,123,166,92,74
92,200,127,87,40,132,90,42,146,19,127,279,52,227,275,173,102
92,7,8,4,4,8,4,4,2,1,1,2,1,1,2,1,1
92,10,340,140,200,340,141,199,288,127,161,263,119,144,81,30,51
92,14,4865,2556,2309,4869,2560,2309,2419,1294,1125,2418,1293,1125,2126,1126,1000
92,17,0,0,0,0,0,0,24,8,16,8,2,6,1,0,1
92,25,488,331,157,488,332,156,202,114,88,3200,1826,1374,12,6,6
92,38,7,4,3,7,4,3,1,0,1,1,1,0,1,0,1
92,53,499,376,123,499,376,123,4,0,4,92,61,31,97,67,30
92,61,171,83,88,141,75,66,198,93,105,125,69,56,199,100,99
92,62,20721,11859,8862,20721,11859,8862,42621,24014,18607,40696,22803,17893,17312,10656,6656
92,86,1756,1248,508,1757,1248,509,3108,1320,1788,3108,1320,1788,553,182,371
92,129,226,174,52,227,174,53,72,30,42,73,30,43,62,32,30
92,164,15,7,8,17,8,9,28,13,15,64,32,32,75,36,39
92,186,0,0,0,0,0,0,1317,759,558,1318,759,559,111,63,48
92,213,1137,555,582,1132,550,582,953,485,468,953,485,468,742,367,375
92,221,158,74,84,160,75,85,68,34,34,70,35,35,0,0,0
92,20,2,1,1,1,0,1,4,2,2,4,2,2,7,3,4
92,50,7,6,1,13,6,7,19,12,7,35,21,14,3,2,1
92,88,8,1,7,8,1,7,1,1,0,3,2,1,2,1,1
92,94,0,0,0,1,1,0,1,1,0,1,0,1,1,1,0
92,133,92,86,6,83,72,11,268,159,109,338,202,136,356,266,90
92,148,5,4,1,4,2,2,7,3,4,1,1,0,1,1,0
92,157,82,41,41,96,47,49,71,26,45,90,38,52,81,36,45
92,8,13,4,9,10,2,8,22,15,7,23,15,8,0,0,0
92,24,3,1,2,4,2,2,3,3,0,5,4,1,2,1,1
92,28,119,55,64,120,56,64,20,5,15,19,5,14,11,4,7
92,42,5,1,4,4,0,4,8,3,5,9,3,6,16,8,8
92,46,6,3,3,5,3,2,4,4,0,13,8,5,8,6,2
92,63,4,3,1,4,3,1,7,6,1,19,13,6,30,22,8
92,75,1776,689,1087,1776,690,1086,1293,77,1216,1293,78,1215,3262,1248,2014
92,160,4,2,2,6,2,4,7,3,4,3,1,2,3,1,2
92,225,189,100,89,135,72,63,61,33,28,60,32,28,90,41,49
92,22,132,44,88,131,44,87,184,26,158,183,26,157,22,12,10
92,37,7021,3299,3722,8098,3826,4272,13114,4443,8671,17109,6355,10754,9830,4265,5565
92,220,90505,45479,45026,103419,52432,50987,58459,30449,28010,64315,27757,36558,61913,29766,32147
92,11,10,5,5,7,3,4,20,10,10,30,10,20,25,23,2
92,54,0,0,0,0,0,0,0,0,0,1811,992,819,157,88,69
93,73,0,0,0,0,0,0,0,0,0,0,0,0,0,0,0
93,83,3,1,2,3,0,3,4,2,2,4,1,3,0,0,0
93,104,13,11,2,12,11,1,73,28,45,72,28,44,4,2,2
93,42,9,3,6,10,4,6,0,0,0,1,1,0,1,0,1
93,68,0,0,0,0,0,0,0,0,0,1,0,1,0,0,0
94,55,1,1,0,0,0,0,1,1,0,2,2,0,0,0,0
94,31,1,1,0,0,0,0,1,0,1,0,0,0,0,0,0
94,56,2,1,1,0,0,0,5,3,2,4,3,1,6,2,4
94,95,3,1,2,2,1,1,2,1,1,2,1,1,1,1,0
94,59,18,7,11,17,7,10,22,8,14,22,8,14,17,11,6
94,73,5,1,4,4,1,3,13,6,7,13,7,6,33,13,20
94,96,4,3,1,3,2,1,10,2,8,9,2,7,4,1,3
94,101,4,1,3,8,3,5,0,0,0,2,1,1,0,0,0
94,153,6,1,5,4,1,3,8,3,5,26,13,13,21,2,19
94,199,30,14,16,15,7,8,64,31,33,56,34,22,47,21,26
94,218,174,64,110,179,66,113,78,23,55,119,41,78,74,21,53
94,83,15,13,2,14,12,2,9,0,9,9,1,8,3,2,1
94,104,241,40,201,241,41,200,882,264,618,881,263,618,60,30,30
94,193,346,118,228,1000,351,649,5305,1991,3314,19082,5596,13486,10292,1216,9076
94,12,7,3,4,7,4,3,8,2,6,8,3,5,14,6,8
94,19,0,0,0,1,0,1,13,3,10,14,6,8,58,14,44
94,74,16,2,14,16,3,13,61,51,10,89,57,32,44,16,28
94,80,60,3,57,59,2,57,418,155,263,418,155,263,48,17,31
94,145,59,20,39,66,21,45,76,30,46,67,23,44,73,32,41
94,200,65,30,35,67,31,36,43,6,37,84,16,68,83,52,31
94,7,2,1,1,1,1,0,1,1,0,0,0,0,0,0,0
94,14,3,0,3,3,1,2,14,13,1,13,13,0,3,2,1
94,38,14,8,6,14,8,6,451,124,327,450,124,326,21,10,11
94,62,48,19,29,48,20,28,62,35,27,65,37,28,22,10,12
94,105,8,4,4,8,4,4,4,1,3,5,2,3,4,2,2
94,164,11,6,5,14,7,7,122,58,64,164,79,85,234,108,126
94,20,1336,619,717,1336,620,716,939,459,480,938,459,479,1183,569,614
94,50,367,151,216,753,301,452,1033,465,568,1904,823,1081,155,55,100
94,65,3124,1455,1669,3125,1456,1669,837,289,548,836,288,548,478,204,274
94,88,740,502,238,739,501,238,999,643,356,998,643,355,1095,558,537
94,133,1041,335,706,1172,399,773,2499,1279,1220,3278,1631,1647,5047,3053,1994
94,148,632,346,286,544,233,311,728,349,379,789,409,380,905,473,432
94,157,77,39,38,123,57,66,196,95,101,246,127,119,224,105,119
94,8,3,2,1,1,1,0,36,16,20,37,17,20,0,0,0
94,24,16,8,8,19,10,9,7,4,3,6,3,3,33,17,16
94,28,72,52,20,72,51,21,25,15,10,24,15,9,26,16,10
94,42,16,3,13,17,4,13,44,5,39,44,4,40,94,30,64
94,46,11,8,3,10,7,3,5,1,4,46,28,18,23,13,10
94,63,19,8,11,19,9,10,35,18,17,93,39,54,146,64,82
94,160,15,7,8,18,7,11,21,8,13,11,5,6,12,5,7
94,225,68,40,28,60,35,25,22,6,16,19,5,14,4,1,3
94,37,1091,521,570,1169,559,610,781,387,394,1096,546,550,745,360,385
94,220,83041,36218,46823,90888,39930,50958,90046,39919,50127,94617,36578,58039,63130,25938,37192
94,11,22,3,19,16,1,15,60,60,0,50,30,20,64,37,27
94,68,0,0,0,0,0,0,0,0,0,1,1,0,0,0,0
95,64,17,12,5,8,7,1,19,12,7,9,1,8,29,3,26
95,118,53,29,24,48,23,25,53,39,14,26,16,10,38,19,19
95,136,0,0,0,0,0,0,4,3,1,5,2,3,1,1,0
95,161,53,43,10,69,55,14,53,42,11,62,48,14,4,3,1
95,55,36,12,24,35,12,23,73,27,46,138,55,83,16,8,8
95,103,323,36,287,639,354,285,1659,825,834,1494,766,728,380,135,245
95,107,339,150,189,338,151,187,316,207,109,294,184,110,703,434,269
95,115,154,59,95,153,59,94,70,20,50,70,19,51,29,7,22
95,211,178,72,106,181,74,107,16,1,15,15,0,15,15,4,11
95,18,48,8,40,47,8,39,13,5,8,14,5,9,15,5,10
95,31,52,19,33,52,19,33,80,34,46,69,29,40,43,29,14
95,56,764,418,346,763,418,345,1055,548,507,1220,591,629,374,206,168
95,162,276,134,142,236,113,123,69,23,46,53,37,16,50,14,36
95,167,226,100,126,152,67,85,94,27,67,47,34,13,19,13,6
95,169,1798,397,1401,2204,883,1321,550,99,451,568,410,158,727,287,440
95,170,504,434,70,367,96,271,838,517,321,1202,696,506,316,117,199
95,187,1717,826,891,3838,1693,2145,1403,717,686,1593,793,800,2976,1614,1362
95,59,216,100,116,215,99,116,558,243,315,558,244,314,1213,587,626
95,68,20,10,10,20,11,9,12,3,9,11,2,9,7,3,4
95,73,90,66,24,90,67,23,451,229,222,450,228,222,1032,492,540
95,96,14,6,8,14,6,8,47,31,16,47,31,16,33,5,28
95,101,739,349,390,1238,625,613,3401,2064,1337,2488,1242,1246,173,48,125
95,114,12,8,4,14,9,5,18,11,7,23,15,8,40,19,21
95,120,15,8,7,32,16,16,8,6,2,8,7,1,17,10,7
95,153,48,38,10,101,10,91,105,24,81,639,347,292,1787,982,805
95,199,2073,1022,1051,954,443,511,527,435,92,1739,899,840,1219,572,647
95,218,1120,480,640,1133,382,751,17411,8631,8780,19864,9991,9873,6170,2694,3476
95,26,6,5,1,5,4,1,84,27,57,5,2,3,17,6,11
95,52,273,112,161,422,141,281,39,36,3,41,37,4,7,0,7
95,83,323,218,105,344,211,133,117,10,107,117,10,107,82,60,22
95,104,2177,168,2009,2177,169,2008,3918,1364,2554,3917,1364,2553,344,171,173
95,127,1,0,1,9,3,6,12,3,9,107,36,71,34,17,17
95,163,73,25,48,79,27,52,94,31,63,43,13,30,34,1,33
95,182,1183,410,773,505,149,356,25,22,3,42,15,27,42,17,25
95,188,56,17,39,55,19,36,54,28,26,160,74,86,71,24,47
95,193,183,81,102,515,230,285,1584,631,953,4904,2547,2357,1524,517,1007
95,204,5,2,3,5,2,3,1,1,0,2,1,1,6,3,3
95,12,1846,788,1058,1846,789,1057,9962,5382,4580,9961,5381,4580,6448,3036,3412
95,19,158,20,138,133,10,123,1115,540,575,1618,683,935,2357,1123,1234
95,74,433,123,310,433,124,309,4596,2793,1803,624,353,271,797,390,407
95,80,19034,11897,7137,19034,11898,7136,39049,15129,23920,39049,15129,23920,5756,2911,2845
95,119,1,1,0,2,2,0,19,4,15,21,4,17,18,9,9
95,121,31,6,25,33,6,27,292,97,195,297,98,199,377,136,241
95,145,119,3,116,292,67,225,505,180,325,2785,1346,1439,4360,2057,2303
95,200,94,25,69,86,12,74,1763,585,1178,2015,79,1936,2611,1805,806
95,53,37,18,19,38,19,19,1,1,0,7,2,5,7,2,5
95,62,6,3,3,5,2,3,21,11,10,21,11,10,1,1,0
95,50,17,8,9,7,3,4,19,10,9,36,20,16,3,1,2
95,133,33,5,28,38,3,35,11,6,5,29,10,19,140,83,57
95,157,32,13,19,27,10,17,14,11,3,16,12,4,9,5,4
95,8,794,369,425,793,367,426,448,184,264,449,184,265,3,1,2
95,24,6,2,4,7,2,5,7,3,4,7,3,4,4,2,2
95,28,1208,468,740,1209,469,740,661,267,394,692,283,409,309,148,161
95,42,87,53,34,88,53,35,61,12,49,61,11,50,129,49,80
95,46,14,7,7,15,7,8,12,6,6,10,7,3,9,6,3
95,63,9,3,6,9,4,5,16,8,8,43,15,28,67,25,42
95,160,5,3,2,7,3,4,9,4,5,4,2,2,4,2,2
95,225,12,6,6,18,9,9,45,24,21,46,23,23,58,23,35
95,37,2849,1500,1349,1617,897,720,6547,2968,3579,3923,1630,2293,4675,2295,2380
95,220,11187,5061,6126,7133,2946,4187,7417,3403,4014,6379,3810,2569,551,383,168
95,11,492,458,34,2559,1750,809,1770,1280,490,1500,1010,490,285,6,279
95,147,98,47,51,573,263,310,237,114,123,121,58,63,101,48,53
95,137,0,0,0,0,0,0,0,0,0,45,30,15,2,2,0
96,191,3,1,2,1,1,0,2,2,0,10,8,2,6,5,1
96,161,25,20,5,33,26,7,4,3,1,1,1,0,0,0,0
96,55,4,1,3,3,0,3,7,1,6,13,3,10,2,2,0
96,211,14,7,7,16,7,9,1,0,1,1,0,1,0,0,0
96,31,33,18,15,32,18,14,43,25,18,39,23,16,134,78,56
96,56,2,1,1,2,1,1,10,7,3,8,5,3,6,4,2
96,95,40,18,22,40,19,21,21,11,10,21,11,10,5,3,2
96,162,9,6,3,7,5,2,230,107,123,239,110,129,19,6,13
96,170,2,2,0,0,0,0,6,3,3,6,4,2,0,0,0
96,187,13,6,7,17,7,10,4,2,2,4,2,2,9,5,4
96,59,1485,772,713,1484,771,713,1420,659,761,1419,659,760,365,250,115
96,70,84,52,32,35,28,7,23,11,12,37,30,7,36,35,1
96,73,11,8,3,11,9,2,28,16,12,28,16,12,33,25,8
96,101,13,6,7,25,14,11,2,1,1,8,7,1,1,0,1
96,114,2,2,0,3,2,1,15,13,2,16,13,3,7,5,2
96,120,1,1,0,2,0,2,26,15,11,22,12,10,8,5,3
96,153,380,206,174,1179,592,587,124,48,76,1206,704,502,3412,1870,1542
96,199,518,254,264,239,110,129,346,182,164,852,421,431,726,360,366
96,218,528,183,345,545,190,355,176,97,79,313,167,146,244,98,146
96,83,8,6,2,9,6,3,12,7,5,11,7,4,3,2,1
96,104,86,21,65,86,21,65,24,7,17,24,7,17,4,2,2
96,163,11,5,6,13,6,7,2,1,1,6,3,3,3,0,3
96,193,89,37,52,187,84,103,268,137,131,361,195,166,79,1,78
96,12,13,7,6,13,7,6,16,5,11,15,5,10,27,13,14
96,19,1,1,0,4,2,2,35,19,16,33,14,19,44,17,27
96,74,13,1,12,13,1,12,78,27,51,71,57,14,29,10,19
96,80,131,41,90,130,40,90,121,92,29,121,92,29,60,31,29
96,119,0,0,0,0,0,0,2,1,1,1,0,1,0,0,0
96,121,16,1,15,19,1,18,39,7,32,36,7,29,115,60,55
96,145,89,37,52,100,42,58,61,25,36,10,9,1,43,11,32
96,200,40,25,15,42,25,17,65,31,34,72,21,51,61,44,17
96,50,1,1,0,0,0,0,0,0,0,0,0,0,0,0,0
96,8,2,1,1,0,0,0,5,0,5,5,0,5,0,0,0
96,24,3,2,1,2,1,1,2,1,1,1,1,0,0,0,0
96,42,6,4,2,7,4,3,2,1,1,2,0,2,5,1,4
96,160,1,1,0,2,1,1,2,1,1,1,1,0,1,1,0
96,37,49,25,24,37,19,18,115,76,39,148,93,55,83,45,38
96,84,6,1,5,100,85,15,19,10,9,17,13,4,65,57,8
96,220,134,84,50,348,197,151,405,189,216,341,211,130,308,144,164
96,11,138,78,60,110,63,47,80,30,50,30,0,30,70,50,20
96,28,0,0,0,0,0,0,239,160,79,239,159,80,98,66,32
96,68,0,0,0,0,0,0,0,0,0,22,13,9,2,1,1
97,67,15,1,14,16,1,15,23,10,13,24,10,14,2,2,0
97,122,134,68,66,115,67,48,130,76,54,143,85,58,156,92,64
97,123,1321,867,454,100,58,42,121,69,52,43,25,18,29,15,14
97,131,968,919,49,1795,1514,281,1974,1627,347,2265,1911,354,1134,1012,122
97,140,510,350,160,330,214,116,177,123,54,184,146,38,90,51,39
97,183,375,301,74,375,301,74,1881,1260,621,1881,1259,622,701,671,30
97,192,0,0,0,0,0,0,0,0,0,1454,837,617,70,15,55
97,215,37,31,6,2806,1700,1106,25,22,3,25,23,2,25,18,7
97,219,1340,760,580,334,194,140,556,326,230,431,255,176,381,217,164
97,230,430,216,214,386,174,212,539,275,264,623,478,145,719,173,546
97,64,22,20,2,87,61,26,173,133,40,86,40,46,218,72,146
97,118,614,569,45,662,622,40,548,455,93,369,296,73,547,411,136
97,196,45,26,19,47,26,21,46,20,26,1001,513,488,119,61,58
97,27,408,217,191,657,352,305,2058,1090,968,2075,1099,976,2354,1216,1138
97,116,42,24,18,51,28,23,4,2,2,4,2,2,5,3,2
97,142,44,26,18,67,43,24,186,123,63,26,16,10,57,36,21
97,191,2602,1596,1006,5711,3109,2602,3284,1570,1714,11895,6260,5635,11402,6095,5307
97,81,36,17,19,54,15,39,206,136,70,18,7,11,131,84,47
97,117,18,17,1,20,17,3,196,16,180,166,160,6,42,40,2
97,184,10,10,0,10,10,0,9,7,2,3,3,0,2,2,0
97,202,251,38,213,268,81,187,248,136,112,236,111,125,9,7,2
97,43,982,545,437,982,545,437,740,703,37,739,703,36,1175,906,269
97,44,1400,686,714,1400,687,713,1364,308,1056,1404,328,1076,768,198,570
97,57,20,10,10,19,9,10,57,30,27,56,29,27,33,18,15
97,106,2476,1097,1379,4481,1970,2511,11154,5015,6139,1278,453,825,184,20,164
97,136,2,2,0,3,2,1,27,18,9,34,24,10,8,3,5
97,166,713,526,187,984,740,244,776,516,260,1810,1218,592,2585,1588,997
97,30,147,128,19,147,128,19,64,57,7,64,57,7,64,57,7
97,35,72,54,18,71,53,18,41,30,11,41,30,11,10,7,3
97,98,2646,1447,1199,2645,1447,1198,3938,2390,1548,4353,2370,1983,830,537,293
97,124,25517,18519,6998,30382,20432,9950,18543,9987,8556,31736,18527,13209,5713,4804,909
97,141,3124,1888,1236,2931,2028,903,5358,2652,2706,2364,1008,1356,1111,481,630
97,161,569,315,254,1452,819,633,2753,1587,1166,3091,1726,1365,163,100,63
97,185,15630,10250,5380,18509,11966,6543,35715,16426,19289,40394,19052,21342,25725,12231,13494
97,203,2276,1194,1082,3447,1772,1675,741,218,523,527,194,333,448,72,376
97,226,234,140,94,583,378,205,210,143,67,471,263,208,324,184,140
97,16,4736,3932,804,4736,3932,804,4876,4068,808,4875,4068,807,1869,1612,257
97,23,3644,3026,618,3643,3025,618,7128,5847,1281,7127,5846,1281,2349,1924,425
97,125,5467,2679,2788,5009,3085,1924,2346,1837,509,5575,4485,1090,3094,2933,161
97,144,146208,30390,115818,28016,20021,7995,29639,408,29231,54020,19364,34656,13444,4780,8664
97,155,471369,258292,213077,283850,155303,128547,93182,50935,42247,45070,24631,20439,22169,12119,10050
97,194,3823,3286,537,3888,2595,1293,7119,2891,4228,13970,7872,6098,175,122,53
97,15,14094,9150,4944,14305,9063,5242,68177,53177,15000,102834,79268,23566,42720,31275,11445
97,55,283,156,127,283,156,127,580,332,248,1104,655,449,128,87,41
97,100,36,2,34,49,30,19,73,51,22,12,7,5,31,16,15
97,103,1298,508,790,277,121,156,168,63,105,55,24,31,576,227,349
97,107,1701,1560,141,1701,1563,138,4619,4187,432,4427,3993,434,7082,6476,606
97,111,42806,25464,17342,86287,65934,20353,67183,55593,11590,188337,145470,42867,387574,249165,138409
97,115,771,695,76,771,696,75,50,29,21,50,28,22,1440,866,574
97,154,130433,101040,29393,50894,41526,9368,39530,38828,702,99795,91962,7833,304426,267928,36498
97,165,237,220,17,206,107,99,190635,155813,34822,347510,303056,44454,104663,95468,9195
97,180,23241,15103,8138,49283,36873,12410,237557,182560,54997,362686,274266,88420,315145,187685,127460
97,211,178,110,68,181,112,69,14,5,9,15,5,10,7,0,7
97,217,209559,152471,57088,247995,179681,68314,371145,292251,78894,1626809,1285938,340871,585535,446332,139203
97,18,13,10,3,13,10,3,2,2,0,2,2,0,2,2,0
97,31,14,14,0,14,14,0,8,4,4,4,1,3,42,28,14
97,56,30,22,8,29,21,8,428,323,105,383,297,86,572,383,189
97,95,111,78,33,112,78,34,178,120,58,178,120,58,61,55,6
97,162,64,46,18,54,40,14,276,178,98,295,188,107,32,18,14
97,169,0,0,0,0,0,0,0,0,0,0,0,0,67,41,26
97,170,2170,226,1944,2097,43,2054,623,401,222,693,496,197,107,73,34
97,187,38,27,11,52,37,15,12,9,3,13,10,3,27,20,7
97,216,150,92,58,95,49,46,377,301,76,183,146,37,12,11,1
97,59,894,340,554,893,339,554,1965,1148,817,1965,1148,817,1286,608,678
97,68,14,9,5,14,10,4,29,26,3,29,27,2,8,6,2
97,70,10,3,7,14,6,8,18,5,13,2,0,2,6,4,2
97,73,219,134,85,218,134,84,1577,978,599,1577,978,599,2256,1169,1087
97,96,43,19,24,43,20,23,65,31,34,65,32,33,25,17,8
97,101,1905,896,1009,3364,1702,1662,7802,4260,3542,5527,2235,3292,416,78,338
97,114,19,15,4,20,15,5,19,17,2,15,14,1,17,14,3
97,153,497,149,348,509,108,401,731,305,426,2382,1402,980,3727,2148,1579
97,199,1629,617,1012,751,260,491,2483,1775,708,4270,2890,1380,4561,2424,2137
97,218,22758,10067,12691,29860,12951,16909,97206,54149,43057,141929,78968,62961,85324,38158,47166
97,52,0,0,0,0,0,0,34,21,13,33,20,13,0,0,0
97,83,1468,1117,351,1510,1188,322,1696,969,727,1696,970,726,299,261,38
97,104,19848,11123,8725,19848,11123,8725,46636,30093,16543,46635,30093,16542,1883,930,953
97,127,22,16,6,42,32,10,34,25,9,33,8,25,62,46,16
97,163,2245,1202,1043,2416,1300,1116,755,567,188,466,108,358,672,255,417
97,182,193,84,109,83,33,50,4,4,0,6,3,3,7,3,4
97,188,11,8,3,13,9,4,11,8,3,44,31,13,53,40,13
97,193,937,533,404,3126,1753,1373,10136,7866,2270,16879,11974,4905,5820,3781,2039
97,12,958,617,341,958,617,341,1107,559,548,1106,558,548,1969,1171,798
97,19,485,237,248,400,190,210,1520,998,522,2070,1183,887,3446,2179,1267
97,74,835,182,653,834,181,653,13632,7881,5751,3925,306,3619,3630,1600,2030
97,80,1293,113,1180,1293,113,1180,16003,8433,7570,16002,8433,7569,2275,1386,889
97,119,0,0,0,0,0,0,11,7,4,12,6,6,3,2,1
97,121,10,5,5,7,4,3,23,6,17,20,4,16,68,39,29
97,145,1400,681,719,1709,835,874,1385,591,794,5332,3304,2028,5347,3051,2296
97,200,2624,1657,967,2661,1690,971,1657,619,1038,1935,157,1778,2844,2069,775
97,7,17,9,8,16,8,8,5,2,3,4,2,2,5,3,2
97,10,59,39,20,59,39,20,81,54,27,76,50,26,16,10,6
97,14,34,20,14,35,21,14,162,91,71,161,90,71,46,24,22
97,17,40,24,16,41,25,16,42,29,13,39,27,12,22,11,11
97,25,13,5,8,13,5,8,2,1,1,32,11,21,1,1,0
97,29,4,2,2,3,1,2,4,2,2,4,2,2,4,2,2
97,38,50,26,24,50,26,24,195,168,27,195,168,27,7,5,2
97,61,3,2,1,2,1,1,4,3,1,5,2,3,4,2,2
97,62,32,14,18,32,15,17,130,61,69,131,62,69,5,4,1
97,86,27,12,15,26,11,15,30,13,17,30,13,17,7,2,5
97,105,251,178,73,251,178,73,30,16,14,31,16,15,25,16,9
97,164,5,3,2,7,3,4,24,11,13,33,16,17,2,1,1
97,174,16,10,6,25,15,10,15,10,5,7,5,2,6,4,2
97,186,0,0,0,0,0,0,411,400,11,390,376,14,33,18,15
97,209,71,36,35,77,8,69,45,25,20,261,166,95,33,26,7
97,20,9,4,5,9,5,4,27,14,13,26,13,13,51,27,24
97,50,4,2,2,11,7,4,15,10,5,27,17,10,2,1,1
97,65,4,3,1,4,2,2,1,1,0,0,0,0,0,0,0
97,133,219,109,110,236,119,117,100,79,21,180,126,54,317,235,82
97,148,2,2,0,5,2,3,7,2,5,1,1,0,1,1,0
97,157,264,149,115,374,210,164,783,520,263,921,620,301,665,412,253
97,8,5,1,4,5,1,4,54,24,30,54,23,31,0,0,0
97,24,16,9,7,18,11,7,13,1,12,14,2,12,15,10,5
97,28,33,14,19,32,13,19,66,64,2,62,56,6,178,115,63
97,42,133,94,39,133,95,38,102,47,55,102,47,55,216,131,85
97,46,7,1,6,6,0,6,2,1,1,20,10,10,10,6,4
97,63,10,7,3,9,6,3,17,12,5,45,30,15,71,48,23
97,160,18,12,6,22,13,9,26,16,10,14,9,5,15,10,5
97,225,3,1,2,5,3,2,11,6,5,12,6,6,14,6,8
97,22,64,36,28,63,36,27,120,46,74,119,45,74,7,4,3
97,37,73395,35020,38375,79103,37809,41294,105717,55840,49877,131237,69019,62218,65377,32587,32790
97,220,271322,144814,126508,300824,161575,139249,328474,178183,150291,345031,171173,173858,273229,141400,131829
97,11,8369,4383,3986,12413,7226,5187,58260,35020,23240,180550,110190,70360,60472,22828,37644
97,147,3167,1375,1792,7870,3277,4593,21119,10237,10882,14625,7043,7582,13727,6593,7134
97,72,69,8,61,82,21,61,123,9,114,86,54,32,37,26,11
97,158,27,16,11,62,26,36,4,2,2,28,20,8,4,3,1
97,76,3,2,1,3,2,1,1,1,0,1,0,1,3,2,1
97,208,17,11,6,20,12,8,29,16,13,35,18,17,33,18,15
97,54,0,0,0,0,0,0,0,0,0,587,362,225,50,31,19
98,183,112,110,2,112,110,2,80,65,15,82,66,16,16,13,3
98,2,223,132,91,223,133,90,591,439,152,591,440,151,28,21,7
98,64,244,153,91,382,260,122,401,342,59,199,131,68,504,288,216
98,118,2635,2093,542,2749,2215,534,1343,1161,182,996,855,141,1477,1210,267
98,142,6,1,5,7,3,4,26,10,16,4,1,3,8,3,5
98,191,449,143,306,237,64,173,99,46,53,360,182,178,345,178,167
98,43,3657,1713,1944,3657,1712,1945,3452,3203,249,3451,3203,248,5208,3353,1855
98,44,10466,1419,9047,10465,1418,9047,16583,3192,13391,16789,3148,13641,11672,4444,7228
98,57,59,35,24,59,36,23,161,42,119,160,41,119,130,39,91
98,106,3428,1539,1889,12295,5553,6742,4134,1757,2377,1414,501,913,2459,1004,1455
98,166,8056,6436,1620,10642,8604,2038,2038,879,1159,7061,7052,9,7814,7365,449
98,30,1227,257,970,1227,257,970,129,53,76,129,53,76,129,53,76
98,35,80,62,18,79,61,18,46,35,11,46,35,11,11,8,3
98,124,168713,88086,80627,212957,111886,101071,141268,89657,51611,248696,162182,86514,46089,39471,6618
98,161,222,129,93,995,393,602,818,414,404,640,361,279,51,27,24
98,185,12721,3675,9046,16036,4579,11457,40813,13444,27369,45889,15104,30785,26258,8748,17510
98,203,50,20,30,54,25,29,31,23,8,57,51,6,41,40,1
98,205,408,159,249,444,167,277,329,184,145,1003,419,584,75,25,50
98,226,1404,793,611,3465,2106,1359,215,207,8,650,273,377,1349,770,579
98,16,13425,11061,2364,13424,11061,2363,25907,22742,3165,25907,22743,3164,8572,7677,895
98,97,392,182,210,392,181,211,76,33,43,76,32,44,30,13,17
98,155,97,55,42,59,33,26,20,11,9,16,13,3,13,4,9
98,194,37,29,8,39,17,22,78,6,72,160,57,103,7,5,2
98,15,1489,129,1360,1512,81,1431,5707,1700,4007,8986,2826,6160,1332,664,668
98,55,18,1,17,18,1,17,36,3,33,70,10,60,8,3,5
98,107,6232,15,6217,6226,67,6159,5616,2254,3362,5221,1838,3383,12483,4228,8255
98,111,4130,1001,3129,9083,3402,5681,9759,1403,8356,22942,5719,17223,30204,3260,26944
98,115,2827,602,2225,2827,603,2224,1247,562,685,1248,562,686,2908,1197,1711
98,154,8123,556,7567,4546,1587,2959,2613,800,1813,5823,2084,3739,44404,11599,32805
98,165,22428,17835,4593,2956,2657,299,68950,61914,7036,16540,15222,1318,5023,1797,3226
98,180,15786,11639,4147,17873,12867,5006,157332,120948,36384,244953,185922,59031,223084,127718,95366
98,211,61,21,40,63,21,42,5,0,5,7,1,6,6,2,4
98,217,21873,7252,14621,25814,8537,17277,27336,5120,22216,145997,57854,88143,7306,4560,2746
98,31,5,2,3,5,2,3,6,3,3,6,3,3,14,5,9
98,56,11,8,3,10,7,3,41,13,28,35,13,22,35,1,34
98,95,22,11,11,22,11,11,35,16,19,35,16,19,30,6,24
98,162,9,6,3,7,5,2,34,32,2,37,34,3,4,3,1
98,170,59,9,50,57,2,55,60,48,12,63,50,13,3,2,1
98,187,7,4,3,10,5,5,3,2,1,2,1,1,6,3,3
98,59,106,40,66,105,40,65,237,94,143,236,94,142,48,6,42
98,70,0,0,0,1,0,1,3,0,3,3,1,2,4,0,4
98,73,38,13,25,38,13,25,118,33,85,117,32,85,211,50,161
98,96,8,4,4,8,4,4,18,6,12,17,6,11,16,3,13
98,101,43,14,29,81,31,50,11,6,5,24,15,9,3,0,3
98,114,0,0,0,1,1,0,0,0,0,0,0,0,1,0,1
98,153,36,4,32,110,45,65,289,125,164,394,119,275,276,92,184
98,199,238,121,117,110,53,57,302,68,234,272,57,215,227,69,158
98,218,2749,1004,1745,2812,1024,1788,1047,210,837,1662,480,1182,1136,308,828
98,52,0,0,0,0,0,0,14,5,9,13,5,8,0,0,0
98,83,30,23,7,34,21,13,97,21,76,97,21,76,22,16,6
98,104,531,103,428,530,102,428,966,229,737,965,228,737,87,43,44
98,127,3,1,2,4,3,1,4,1,3,3,1,2,5,3,2
98,163,31,16,15,35,18,17,76,5,71,56,4,52,28,3,25
98,182,21,13,8,9,5,4,0,0,0,0,0,0,1,0,1
98,188,2,2,0,3,1,2,6,2,4,14,6,8,18,2,16
98,193,87,43,44,381,168,213,18,12,6,910,655,255,90,60,30
98,12,86,37,49,86,37,49,99,20,79,98,19,79,176,61,115
98,19,109,27,82,106,36,70,262,43,219,238,60,178,273,80,193
98,74,125,5,120,124,4,120,181,20,161,330,128,202,374,117,257
98,80,1194,93,1101,1195,94,1101,4076,1144,2932,4075,1144,2931,654,265,389
98,145,13133,7577,5556,6905,4930,1975,10857,5825,5032,14794,7444,7350,8869,4156,4713
98,200,179,120,59,188,127,61,276,36,240,520,95,425,544,353,191
98,14,1,1,0,1,1,0,12,4,8,12,4,8,3,1,2
98,25,64,34,30,64,33,31,12,7,5,160,76,84,5,4,1
98,186,0,0,0,0,0,0,28,17,11,29,17,12,3,2,1
98,50,3,2,1,3,2,1,4,2,2,8,4,4,1,1,0
98,88,3,1,2,3,1,2,5,3,2,5,4,1,5,3,2
98,133,19,3,16,19,1,18,20,15,5,34,21,13,37,20,17
98,157,21,16,5,27,20,7,8,7,1,12,11,1,20,16,4
98,8,1,0,1,1,0,1,12,3,9,12,3,9,0,0,0
98,24,2,0,2,1,0,1,3,2,1,3,2,1,1,0,1
98,42,17,9,8,17,9,8,16,4,12,16,4,12,34,13,21
98,46,2,1,1,2,1,1,4,2,2,9,5,4,6,4,2
98,63,3,2,1,2,1,1,5,4,1,12,6,6,20,12,8
98,160,3,1,2,5,2,3,6,2,4,3,2,1,3,2,1
98,225,1,0,1,0,0,0,2,1,1,3,1,2,3,0,3
98,37,1425,671,754,1633,772,861,1683,786,897,2406,1150,1256,1698,810,888
98,220,10871,5757,5114,13294,7089,6205,8499,4573,3926,9493,4168,5325,6190,1176,5014
98,11,6549,2840,3709,13019,5396,7623,2670,520,2150,10860,3420,7440,12866,6355,6511
98,147,617,281,336,1048,421,627,723,348,375,384,182,202,309,145,164
98,146,130,74,56,130,74,56,71,45,26,71,45,26,62,39,23
98,158,291,233,58,1833,1036,797,4207,2270,1937,1449,721,728,125,108,17
98,189,0,0,0,4,4,0,26,16,10,27,14,13,5,2,3
98,76,1,0,1,2,1,1,2,1,1,0,0,0,1,0,1
98,28,0,0,0,0,0,0,361,168,193,361,168,193,147,68,79
98,68,0,0,0,0,0,0,0,0,0,6,5,1,0,0,0
98,54,0,0,0,0,0,0,0,0,0,168,81,87,14,7,7
99,64,16,7,9,7,3,4,21,15,6,10,4,6,26,6,20
99,118,43,4,39,41,2,39,50,40,10,32,25,7,46,33,13
99,142,2,1,1,2,2,0,9,5,4,2,1,1,3,1,2
99,191,256,80,176,133,34,99,58,26,32,203,103,100,158,82,76
99,89,9,9,0,5,4,1,61,38,23,75,48,27,23,16,7
99,202,340,43,297,268,31,237,234,140,94,218,95,123,17,14,3
99,212,1765,797,968,899,421,478,91,1,90,246,69,177,54,14,40
99,106,7527,3576,3951,2597,1357,1240,1601,769,832,275,97,178,849,397,452
99,161,309,100,209,454,167,287,217,94,123,181,87,94,9,5,4
99,203,9,5,4,12,6,6,5,2,3,3,2,1,4,2,2
99,97,482,289,193,483,289,194,158,75,83,159,75,84,63,30,33
99,155,1048,561,487,120,65,55,559,301,258,36,22,14,44,25,19
99,194,11,9,2,13,9,4,26,13,13,52,33,19,1,1,0
99,9,588,475,113,963,569,394,3794,1576,2218,1239,470,769,2561,1168,1393
99,13,256,111,145,16,1,15,94,79,15,148,68,80,74,34,40
99,55,124,72,52,124,72,52,254,153,101,483,299,184,56,40,16
99,100,29977,15795,14182,9337,5844,3493,25206,11702,13504,1114,643,471,3162,468,2694
99,103,3435,1341,2094,566,225,341,836,392,444,218,145,73,1590,641,949
99,107,14,6,8,14,6,8,51,36,15,48,33,15,114,77,37
99,211,10628,5791,4837,239,170,69,970,486,484,331,138,193,1604,778,826
99,229,0,0,0,0,0,0,0,0,0,10,6,4,3,2,1
99,18,13,9,4,13,10,3,2,2,0,2,2,0,2,2,0
99,31,29,19,10,28,18,10,53,39,14,44,32,12,30,18,12
99,56,23,17,6,23,17,6,119,83,36,101,73,28,145,76,69
99,95,205,138,67,206,138,68,327,212,115,327,212,115,76,22,54
99,162,29,22,7,24,18,6,44,29,15,51,32,19,8,4,4
99,169,28,25,3,24,24,0,86,62,24,41,40,1,257,211,46
99,170,411,72,339,400,16,384,221,142,79,266,172,94,38,22,16
99,187,29,21,8,42,31,11,11,8,3,11,9,2,23,18,5
99,216,84,53,31,53,29,24,211,171,40,103,83,20,7,7,0
99,59,1731,748,983,1730,748,982,546,155,391,545,154,391,1540,927,613
99,73,602,360,242,602,361,241,1278,700,578,1278,701,577,2607,1298,1309
99,96,2,1,1,2,2,0,9,4,5,9,4,5,26,21,5
99,101,152,98,54,282,190,92,21,11,10,84,68,16,9,4,5
99,114,7,5,2,8,6,2,6,5,1,6,5,1,7,6,1
99,120,3,3,0,6,4,2,34,30,4,27,22,5,12,11,1
99,153,1857,1017,840,1802,749,1053,2780,1336,1444,1449,703,746,3099,1464,1635
99,199,7496,3948,3548,3451,1729,1722,3369,1345,2024,7650,3643,4007,7861,4013,3848
99,218,4459,2393,2066,5065,2704,2361,17607,10902,6705,22386,13940,8446,10007,5477,4530
99,52,0,0,0,0,0,0,24,13,11,24,14,10,0,0,0
99,83,699,396,303,667,389,278,334,296,38,334,296,38,62,52,10
99,104,5062,2820,2242,5063,2821,2242,2730,1440,1290,2730,1440,1290,230,114,116
99,127,2,1,1,2,2,0,4,2,2,11,2,9,7,5,2
99,163,61,34,27,66,37,29,16,8,8,15,9,6,17,6,11
99,182,43,38,5,18,16,2,0,0,0,1,1,0,2,1,1
99,188,9,6,3,11,6,5,3,2,1,29,19,10,19,15,4
99,193,388,256,132,1318,848,470,735,388,347,708,467,241,968,409,559
99,12,1094,687,407,1094,687,407,1263,610,653,1263,610,653,2246,1295,951
99,19,353,252,101,390,271,119,1414,834,580,2148,1207,941,1750,1158,592
99,74,755,232,523,755,232,523,4226,2453,1773,424,226,198,1721,870,851
99,80,7984,1840,6144,7982,1839,6143,14309,7477,6832,14309,7478,6831,4582,2571,2011
99,121,12,7,5,8,4,4,27,8,19,25,7,18,81,48,33
99,145,7170,4149,3021,7564,4365,3199,4130,1938,2192,1435,484,951,3919,1937,1982
99,200,686,450,236,706,467,239,875,348,527,1012,140,872,1395,1030,365
99,38,4,3,1,5,3,2,1,1,0,1,1,0,1,0,1
99,62,8,7,1,7,6,1,28,27,1,28,27,1,2,2,0
99,50,18,13,5,14,13,1,27,23,4,49,40,9,4,3,1
99,65,3,2,1,3,2,1,2,1,1,1,1,0,1,1,0
99,88,2,1,1,2,1,1,2,2,0,2,2,0,2,1,1
99,133,92,69,23,99,74,25,25,14,11,27,6,21,103,79,24
99,157,14,12,2,17,13,4,3,1,2,8,5,3,13,9,4
99,8,7,2,5,7,2,5,75,36,39,76,37,39,0,0,0
99,24,8,6,2,7,6,1,9,5,4,8,4,4,9,6,3
99,42,3,1,2,5,2,3,15,9,6,15,8,7,32,23,9
99,46,15,14,1,15,14,1,6,5,1,19,16,3,8,6,2
99,63,8,6,2,8,6,2,14,11,3,38,26,12,60,43,17
99,160,5,4,1,7,5,2,8,5,3,4,3,1,4,3,1
99,225,47,23,24,36,19,17,13,12,1,8,8,0,7,4,3
99,37,21799,10447,11352,23018,11042,11976,21111,12064,9047,26842,15070,11772,14371,7362,7009
99,220,31193,17880,13313,41092,23831,17261,22031,13173,8858,30071,2149,27922,40864,20747,20117
99,11,1661,831,830,2140,1173,967,5320,2590,2730,9770,5190,4580,12206,6782,5424
99,147,338,208,130,1193,513,680,746,360,386,288,137,151,242,114,128
99,143,0,0,0,0,0,0,0,0,0,0,0,0,261,187,74
99,28,0,0,0,0,0,0,265,140,125,265,140,125,108,57,51
99,68,0,0,0,0,0,0,0,0,0,28,23,5,2,2,0
100,2,3331,1709,1622,3330,1708,1622,3099,1544,1555,3099,1545,1554,145,72,73
100,64,3042,1518,1524,3392,1679,1713,1485,1005,480,735,183,552,1864,108,1756
100,118,23031,14446,8585,23474,14968,8506,8844,6989,1855,5217,3777,1440,7742,5006,2736
100,139,96,59,37,58,21,37,29,7,22,138,67,71,443,219,224
100,210,0,0,0,11,6,5,3,0,3,441,226,215,189,101,88
100,191,54,38,16,21,16,5,15,9,6,38,33,5,31,25,6
100,130,9,7,2,10,6,4,4,2,2,51,31,20,23,12,11
100,202,19,3,16,14,2,12,11,7,4,12,5,7,2,1,1
100,124,40,24,16,49,28,21,195,117,78,239,146,93,23,21,2
100,161,2,1,1,6,6,0,21,21,0,25,25,0,1,1,0
100,203,16,8,8,20,10,10,18,9,9,22,10,12,3,3,0
100,97,289,113,176,290,114,176,46,23,23,47,23,24,19,10,9
100,99,320269,183335,136934,293300,167897,125403,442306,253196,189110,11707,478,11229,864,864,0
100,155,428,219,209,120,70,50,297,159,138,2,2,0,36,24,12
100,194,4,4,0,5,3,2,10,3,7,21,12,9,1,1,0
100,55,33,21,12,32,21,11,66,44,22,126,86,40,15,11,4
100,103,2763,649,2114,1563,1041,522,5411,2946,2465,4559,2611,1948,2059,802,1257
100,107,15058,9007,6051,15053,9098,5955,212863,105794,107069,207035,99787,107248,439907,222575,217332
100,115,6798,3584,3214,6797,3584,3213,59011,29746,29265,59011,29746,29265,22723,15778,6945
100,154,1243,687,556,862,543,319,760,465,295,1243,805,438,5326,3299,2027
100,180,9837,4076,5761,22843,12035,10808,4814,2550,2264,324,132,192,438,248,190
100,201,789,404,385,1207,604,603,354515,181338,173177,655956,334013,321943,758691,387039,371652
100,211,12587,6560,6027,12111,6306,5805,264,206,58,5411,3071,2340,8323,4574,3749
100,229,425,311,114,561,156,405,1353,766,587,3699,1900,1799,640,496,144
100,31,94,77,17,93,76,17,151,124,27,129,106,23,230,155,75
100,56,33,27,6,33,28,5,167,104,63,142,91,51,62,42,20
100,95,83,60,23,84,61,23,133,94,39,133,94,39,35,31,4
100,162,82,72,10,70,62,8,40,16,24,33,5,28,16,11,5
100,169,339,255,84,306,219,87,74,44,30,51,37,14,285,196,89
100,170,277,33,244,266,6,260,50,32,18,37,16,21,18,14,4
100,187,15,13,2,24,19,5,6,5,1,7,6,1,14,11,3
100,59,5285,2943,2342,5285,2943,2342,4657,2371,2286,4657,2371,2286,292,109,183
100,73,1247,723,524,1246,722,524,2402,1520,882,2401,1520,881,4542,2692,1850
100,96,7,5,2,6,4,2,17,9,8,17,10,7,11,7,4
100,101,154,92,62,287,180,107,23,12,11,86,67,19,10,4,6
100,114,1,1,0,1,0,1,3,2,1,3,1,2,2,1,1
100,153,1638,1015,623,4565,2794,1771,8479,4745,3734,5184,2694,2490,1556,669,887
100,199,7243,3976,3267,3334,1749,1585,23181,11640,11541,49208,26559,22649,11357,5857,5500
100,218,7804,4969,2835,8192,5185,3007,18424,11624,6800,22461,14322,8139,8892,5182,3710
100,52,0,0,0,0,0,0,41,32,9,40,31,9,1,1,0
100,83,313,190,123,273,225,48,1572,860,712,1572,859,713,106,93,13
100,104,661,483,178,661,483,178,1195,918,277,1195,919,276,35,17,18
100,127,6,4,2,10,7,3,9,5,4,20,14,6,19,14,5
100,163,18,11,7,20,11,9,5,1,4,12,5,7,4,2,2
100,182,116,77,39,50,32,18,2,2,0,4,3,1,5,3,2
100,188,13,11,2,15,12,3,5,4,1,17,11,6,2,0,2
100,193,148,95,53,488,322,166,386,271,115,76,21,55,135,61,74
100,12,390,264,126,390,265,125,450,248,202,450,249,201,801,507,294
100,19,7,3,4,9,4,5,1126,689,437,2137,1404,733,6128,4223,1905
100,74,149,53,96,149,53,96,101,71,30,705,304,401,462,249,213
100,80,26020,16550,9470,26020,16551,9469,26162,14305,11857,26162,14306,11856,3833,2306,1527
100,145,14027,8879,5148,14476,9146,5330,6228,2644,3584,5161,3058,2103,2373,1016,1357
100,200,813,528,285,828,541,287,687,367,320,797,262,535,1123,897,226
100,62,1,1,0,0,0,0,10,6,4,9,5,4,1,1,0
100,50,2,2,0,3,2,1,4,3,1,8,6,2,1,1,0
100,133,21,19,2,22,21,1,10,3,7,5,1,4,3,2,1
100,8,2,1,1,2,0,2,20,7,13,20,7,13,0,0,0
100,24,2,1,1,1,0,1,2,2,0,2,2,0,1,1,0
100,42,4,2,2,4,2,2,4,3,1,4,3,1,11,7,4
100,46,12,7,5,12,7,5,8,5,3,3,2,1,1,1,0
100,63,2,2,0,1,1,0,2,2,0,7,7,0,10,10,0
100,160,1,1,0,3,2,1,3,2,1,1,1,0,1,1,0
100,225,1,0,1,1,1,0,3,3,0,5,3,2,5,3,2
100,37,9568,4600,4968,9958,4790,5168,10450,5833,4617,12664,6999,5665,5821,2989,2832
100,220,21137,12302,8835,23839,13941,9898,12655,7506,5149,13912,6704,7208,59107,19893,39214
100,11,11132,6270,4862,10166,5766,4400,10600,5150,5450,14760,6870,7890,10930,5605,5325
100,147,828,509,319,2922,1256,1666,1043,502,541,15,3,12,77,43,34
100,28,0,0,0,0,0,0,253,162,91,253,162,91,103,66,37
100,68,0,0,0,0,0,0,0,0,0,10,8,2,1,1,0
101,131,16,6,10,8,5,3,18,10,8,20,10,10,6,5,1
101,39,8,4,4,7,3,4,4,2,2,0,0,0,2,1,1
101,64,24,11,13,17,8,9,13,8,5,7,1,6,21,2,19
101,27,7,5,2,12,6,6,174,93,81,175,94,81,177,92,85
101,142,4,1,3,5,3,2,17,8,9,3,1,2,5,2,3
101,191,1060,383,677,282,137,145,987,378,609,3574,1569,2005,3438,1544,1894
101,44,54,31,23,54,31,23,53,20,33,54,20,34,22,4,18
101,106,198,75,123,105,33,72,27,6,21,60,21,39,17,11,6
101,136,1,0,1,1,0,1,2,2,0,3,2,1,1,1,0
101,161,74,40,34,105,58,47,99,58,41,114,63,51,6,4,2
101,55,80,22,58,80,22,58,164,51,113,311,106,205,37,18,19
101,107,15,5,10,16,5,11,28,19,9,26,16,10,63,39,24
101,211,184,89,95,187,90,97,15,2,13,15,1,14,12,2,10
101,18,4,0,4,4,1,3,1,1,0,2,2,0,3,3,0
101,31,1,0,1,1,1,0,2,1,1,2,2,0,224,124,100
101,56,9,6,3,8,5,3,229,178,51,208,165,43,108,83,25
101,95,261,133,128,261,133,128,130,72,58,129,71,58,264,141,123
101,162,15,11,4,12,10,2,3838,1942,1896,3962,1992,1970,282,97,185
101,169,13,2,11,17,7,10,138,68,70,128,73,55,177,106,71
101,170,26,5,21,24,1,23,21,6,15,22,8,14,4,2,2
101,187,232,115,117,297,146,151,65,37,28,72,41,31,141,82,59
101,41,31,15,16,102,48,54,1000,481,519,1000,482,518,227,113,114
101,59,129,99,30,129,100,29,133,79,54,133,80,53,223,129,94
101,73,40,33,7,40,34,6,143,105,38,142,105,37,268,181,87
101,96,13,6,7,14,7,7,14,13,1,14,13,1,22,6,16
101,102,72,24,48,71,23,48,184,30,154,161,16,145,86,41,45
101,114,7,2,5,7,2,5,371,192,179,362,184,178,123,66,57
101,120,3,1,2,5,2,3,778,421,357,671,344,327,225,132,93
101,153,28,27,1,50,37,13,6,6,0,202,148,54,401,280,121
101,199,163,97,66,75,43,32,360,273,87,482,372,110,577,403,174
101,218,52866,29072,23794,43467,25632,17835,52619,23307,29312,14932,4278,10654,55295,20737,34558
101,52,5,2,3,5,3,2,22,10,12,21,10,11,0,0,0
101,83,280,123,157,268,128,140,55,35,20,54,35,19,29,21,8
101,104,903,146,757,904,146,758,661,390,271,660,390,270,73,36,37
101,127,9,4,5,85,32,53,82,31,51,31,26,5,64,36,28
101,163,157,84,73,173,91,82,510,263,247,338,179,159,135,35,100
101,182,34,18,16,15,7,8,0,0,0,1,1,0,2,1,1
101,188,1,1,0,2,1,1,4,1,3,20,10,10,14,12,2
101,193,578,311,267,1707,861,846,4778,2532,2246,4348,2355,1993,1196,601,595
101,12,70,43,27,69,43,26,80,37,43,80,38,42,142,80,62
101,19,683,312,371,607,284,323,86,46,40,339,270,69,851,482,369
101,74,217,10,207,216,9,207,1461,1272,189,1864,687,1177,742,236,506
101,80,1491,681,810,1490,680,810,2086,987,1099,2087,988,1099,379,201,178
101,119,4,3,1,4,2,2,1,1,0,1,0,1,8,4,4
101,121,173,89,84,180,93,87,145,69,76,157,74,83,563,278,285
101,145,190,55,135,329,114,215,238,155,83,159,106,53,618,348,270
101,200,483,336,147,491,343,148,355,141,214,409,46,363,543,388,155
101,14,7,4,3,7,4,3,7,7,0,8,7,1,5,3,2
101,38,90,47,43,90,47,43,24,18,6,23,18,5,3,1,2
101,62,6,3,3,5,2,3,15,7,8,16,7,9,2,1,1
101,50,5,3,2,4,1,3,8,4,4,14,6,8,1,0,1
101,65,6,4,2,6,4,2,0,0,0,1,1,0,0,0,0
101,133,25,12,13,35,18,17,27,12,15,35,31,4,100,76,24
101,148,3,2,1,6,5,1,6,6,0,1,1,0,1,1,0
101,157,6,4,2,9,6,3,26,20,6,29,21,8,13,10,3
101,8,3,1,2,3,0,3,36,19,17,37,19,18,0,0,0
101,24,19,13,6,19,13,6,3,0,3,3,0,3,11,6,5
101,28,56,53,3,55,53,2,24,18,6,26,20,6,35,28,7
101,42,18,9,9,18,9,9,24,6,18,25,7,18,50,23,27
101,46,7,6,1,9,7,2,6,3,3,18,14,4,9,6,3
101,63,8,4,4,8,5,3,15,10,5,39,21,18,62,36,26
101,160,19,11,8,23,12,11,27,14,13,15,8,7,15,8,7
101,225,1,0,1,1,1,0,2,1,1,3,1,2,4,3,1
101,22,4,2,2,3,1,2,8,2,6,9,3,6,1,1,0
101,37,960,525,435,335,220,115,1206,695,511,2837,1525,1312,3527,1723,1804
101,220,9945,3274,6671,3408,400,3008,15137,5624,9513,13404,6700,6704,4347,1464,2883
101,11,2400,1140,1260,819,406,413,2150,1230,920,15260,9410,5850,30042,17199,12843
101,147,899,468,431,393,94,299,40,15,25,1470,706,764,1341,641,700
101,158,5,2,3,18,13,5,2,1,1,8,2,6,2,1,1
101,68,0,0,0,0,0,0,0,0,0,146,85,61,10,6,4
102,218,1736,728,1008,1596,671,925,1077,468,609,1707,813,894,1163,493,670
102,83,3,1,2,3,1,2,3,2,1,4,2,2,0,0,0
102,74,1,0,1,0,0,0,1,1,0,0,0,0,1,0,1
102,24,0,0,0,0,0,0,1,1,0,1,1,0,0,0,0
102,11,18,6,12,37,27,10,70,70,0,80,30,50,502,250,252
102,68,0,0,0,0,0,0,0,0,0,0,0,0,0,0,0
103,77,1,1,0,1,0,1,1,1,0,2,1,1,1,1,0
103,64,267,158,109,210,124,86,99,74,25,49,20,29,124,32,92
103,142,8,4,4,10,7,3,30,16,14,5,3,2,9,4,5
103,191,562,214,348,85,28,57,364,173,191,1320,689,631,1265,672,593
103,81,2,1,1,3,1,2,11,7,4,2,1,1,7,4,3
103,161,210,91,119,286,128,158,12,5,7,38,12,26,9,4,5
103,194,5,5,0,7,5,2,14,7,7,29,20,9,1,1,0
103,55,40,20,20,39,20,19,81,43,38,153,84,69,18,12,6
103,107,950,632,318,950,636,314,846,675,171,787,615,172,1882,1462,420
103,115,431,273,158,431,274,157,188,109,79,188,109,79,187,132,55
103,195,2238,1243,995,2238,1244,994,15150,6731,8419,15149,6731,8418,620,346,274
103,211,934,478,456,941,479,462,77,12,65,79,10,69,62,11,51
103,18,105,38,67,105,38,67,16,8,8,16,7,9,17,7,10
103,31,56,32,24,55,31,24,82,50,32,72,44,28,111,58,53
103,56,17,12,5,17,12,5,183,139,44,163,127,36,62,33,29
103,95,361,237,124,361,237,124,271,168,103,270,167,103,35,21,14
103,162,79,57,22,67,49,18,37,31,6,34,23,11,13,6,7
103,167,3,2,1,47,28,19,29,17,12,40,25,15,8,5,3
103,169,254,205,49,227,174,53,106,62,44,63,52,11,860,622,238
103,170,335,67,268,324,14,310,648,267,381,587,232,355,69,30,39
103,187,43,29,14,60,39,21,15,10,5,16,12,4,32,22,10
103,216,148,7,141,133,20,113,371,187,184,180,89,91,12,9,3
103,59,203,109,94,203,110,93,121,71,50,120,70,50,14,12,2
103,73,21,18,3,20,17,3,175,124,51,175,125,50,216,126,90
103,96,0,0,0,1,1,0,7,5,2,6,4,2,7,2,5
103,101,74,38,36,139,77,62,15,8,7,41,30,11,5,2,3
103,114,11,7,4,11,7,4,38,21,17,36,18,18,19,11,8
103,120,4,2,2,8,5,3,10,1,9,13,4,9,6,3,3
103,153,84,48,36,24,12,12,107,73,34,100,42,58,107,51,56
103,199,222,132,90,103,59,44,485,308,177,337,166,171,292,190,102
103,218,314,157,157,118,70,48,2409,1283,1126,3542,1936,1606,2154,1009,1145
103,52,0,0,0,0,0,0,28,19,9,27,18,9,0,0,0
103,83,381,204,177,365,203,162,31,12,19,30,11,19,28,22,6
103,104,2367,1382,985,2367,1381,986,665,450,215,664,449,215,55,27,28
103,127,2,1,1,2,2,0,3,1,2,4,1,3,2,2,0
103,163,32,19,13,36,21,15,123,121,2,100,92,8,30,25,5
103,182,71,37,34,31,15,16,1,1,0,2,1,1,3,1,2
103,188,2,1,1,4,2,2,19,12,7,14,10,4,8,4,4
103,193,140,87,53,484,321,163,904,549,355,475,277,198,199,96,103
103,12,181,113,68,181,113,68,209,100,109,208,100,108,371,212,159
103,19,59,45,14,79,69,10,99,39,60,66,32,34,120,85,35
103,74,190,45,145,189,45,144,2314,1202,1112,313,185,128,695,317,378
103,80,354,337,17,354,337,17,2727,2012,715,2726,2011,715,496,316,180
103,121,2,0,2,1,1,0,6,2,4,4,2,2,14,9,5
103,145,528,284,244,650,351,299,1202,645,557,64,63,1,190,104,86
103,200,387,243,144,396,251,145,335,136,199,391,51,340,571,424,147
103,38,5,1,4,5,0,5,1,0,1,1,0,1,1,0,1
103,62,21,16,5,20,15,5,83,68,15,85,70,15,3,2,1
103,164,4,2,2,6,3,3,21,9,12,30,15,15,1,1,0
103,50,22,14,8,29,18,11,45,30,15,83,54,29,7,4,3
103,65,54,27,27,55,27,28,13,7,6,14,7,7,2,1,1
103,88,13,10,3,12,10,2,16,11,5,15,11,4,17,12,5
103,94,2,1,1,1,1,0,1,0,1,2,1,1,2,2,0
103,133,108,72,36,166,108,58,221,107,114,76,22,54,7,4,3
103,157,58,39,19,88,57,31,176,129,47,212,156,56,166,114,52
103,8,149,80,69,148,79,69,307,144,163,307,143,164,2,1,1
103,24,51,36,15,50,36,14,12,10,2,12,9,3,26,15,11
103,28,176,147,29,177,148,29,119,80,39,91,62,29,407,247,160
103,42,419,214,205,419,213,206,100,34,66,100,34,66,210,105,105
103,46,69,37,32,69,37,32,51,27,24,21,20,1,31,22,9
103,63,21,13,8,21,13,8,39,26,13,103,61,42,162,98,64
103,160,46,30,16,54,33,21,63,39,24,36,23,13,38,24,14
103,225,243,141,102,191,113,78,63,39,24,56,34,22,14,11,3
103,22,13,2,11,13,2,11,21,19,2,20,18,2,1,1,0
103,37,76,1,75,459,187,272,3305,2083,1222,4502,2717,1785,2872,1499,1373
103,220,9875,5365,4510,13796,7519,6277,11680,6307,5373,13168,5706,7462,1396,517,879
103,11,398,246,152,150,91,59,1610,920,690,1710,990,720,1464,916,548
103,68,0,0,0,0,0,0,0,0,0,49,34,15,3,2,1
104,131,18,14,4,50,26,24,7,5,2,14,10,4,19,14,5
104,183,7,5,2,8,5,3,36,21,15,36,20,16,13,11,2
104,215,8,8,0,31,26,5,3,2,1,3,3,0,3,2,1
104,219,97,56,41,25,15,10,54,32,22,14,8,6,25,15,10
104,39,49,30,19,45,28,17,24,14,10,1,1,0,10,6,4
104,2,1201,732,469,1202,733,469,303,123,180,303,124,179,14,6,8
104,64,947,566,381,652,408,244,583,408,175,289,88,201,731,91,640
104,118,4261,2388,1873,4111,2209,1902,929,715,214,510,343,167,756,441,315
104,139,107,65,42,64,23,41,32,7,25,153,74,79,490,242,248
104,210,16,2,14,18,8,10,60,23,37,157,84,73,504,263,241
104,27,6,4,2,10,6,4,152,97,55,153,98,55,154,97,57
104,142,54,20,34,82,34,48,227,105,122,32,13,19,69,29,40
104,191,1761,595,1166,762,594,168,1901,926,975,6887,3679,3208,6629,3596,3033
104,34,52,32,20,52,33,19,44,18,26,43,17,26,15,7,8
104,81,10,5,5,14,4,10,56,37,19,5,2,3,36,23,13
104,89,15,15,0,9,8,1,103,81,22,126,100,26,40,33,7
104,117,6,4,2,4,3,1,133,66,67,59,50,9,38,20,18
104,130,5,4,1,5,3,2,2,1,1,2,1,1,2,1,1
104,44,50,31,19,50,32,18,49,21,28,50,22,28,17,2,15
104,106,339,135,204,300,115,185,997,444,553,155,56,99,203,79,124
104,136,0,0,0,1,1,0,5,2,3,8,3,5,2,1,1
104,35,12,7,5,11,6,5,7,4,3,6,3,3,2,1,1
104,161,331,157,174,482,230,252,312,151,161,373,168,205,26,13,13
104,203,64,44,20,60,44,16,67,57,10,24,22,2,37,32,5
104,23,1,1,0,1,1,0,2,1,1,2,1,1,1,1,0
104,125,42,4,38,38,30,8,80,37,43,49,20,29,84,72,12
104,194,634,515,119,636,365,271,1298,405,893,2665,1382,1283,289,262,27
104,55,50,22,28,49,21,28,102,48,54,193,94,99,23,14,9
104,103,364,116,248,85,17,68,57,44,13,73,21,52,159,56,103
104,107,71,29,42,72,28,44,166,113,53,155,102,53,370,240,130
104,211,340,204,136,350,207,143,80,18,62,83,18,65,54,6,48
104,18,7,6,1,7,6,1,1,1,0,2,2,0,3,3,0
104,31,199,125,74,199,126,73,280,185,95,247,164,83,1341,796,545
104,56,127,91,36,127,91,36,958,866,92,838,777,61,900,752,148
104,95,1110,723,387,1110,723,387,613,402,211,613,402,211,629,410,219
104,162,881,503,378,753,426,327,2809,1583,1226,3038,1683,1355,369,144,225
104,167,12,6,6,108,57,51,86,46,40,82,55,27,26,18,8
104,169,975,849,126,899,765,134,4817,2372,2445,4454,2489,1965,14774,8235,6539
104,170,94,24,70,90,5,85,497,319,178,470,303,167,35,18,17
104,187,752,544,208,971,700,271,214,163,51,239,182,57,469,361,108
104,59,565,372,193,565,373,192,866,528,338,866,528,338,1305,773,532
104,73,151,116,35,151,117,34,534,377,157,534,378,156,966,592,374
104,96,35,20,15,34,20,14,58,36,22,57,35,22,16,4,12
104,101,681,382,299,1768,1082,686,2514,1300,1214,1484,374,1110,167,36,131
104,114,20,14,6,21,14,7,132,92,40,128,88,40,52,36,16
104,120,5,3,2,10,5,5,165,117,48,138,95,43,52,38,14
104,153,67,17,50,256,155,101,148,104,44,718,456,262,1692,1049,643
104,199,930,619,311,428,276,152,260,137,123,1207,700,507,2438,1421,1017
104,218,6631,3664,2967,8236,4345,3891,11042,6703,4339,20384,12037,8347,16675,7778,8897
104,1,913,488,425,913,488,425,2044,599,1445,2044,1099,945,826,444,382
104,4,21,11,10,21,11,10,198,105,93,178,93,85,97,51,46
104,26,24,10,14,24,11,13,85,37,48,11,4,7,12,5,7
104,52,124,10,114,332,85,247,756,426,330,755,426,329,20,6,14
104,83,3605,1924,1681,3452,1944,1508,283,178,105,282,177,105,278,208,70
104,127,113,69,44,190,159,31,150,136,14,246,171,75,459,340,119
104,163,451,287,164,510,322,188,426,252,174,33,24,9,235,93,142
104,178,287,210,77,267,220,47,174,122,52,115,111,4,314,126,188
104,182,489,195,294,684,359,325,789,510,279,45,25,20,45,26,19
104,188,984,401,583,978,416,562,1015,498,517,981,579,402,1023,233,790
104,193,3844,2509,1335,10749,6943,3806,20678,12677,8001,39855,24661,15194,12974,6511,6463
104,204,3,1,2,2,1,1,0,0,0,1,0,1,2,1,1
104,12,2380,1201,1179,2379,1201,1178,1541,1296,245,1542,1296,246,4312,2254,2058
104,19,19785,11571,8214,26222,14756,11466,26452,15820,10632,5418,2935,2483,11091,6277,4814
104,74,16868,3803,13065,16867,3803,13064,181689,85554,96135,34009,21429,12580,27763,12399,15364
104,80,8076,1146,6930,8076,1146,6930,48708,29198,19510,48709,29198,19511,13809,8374,5435
104,119,342,194,148,323,177,146,286,154,132,307,148,159,24,11,13
104,121,1821,558,1263,1974,650,1324,1460,745,715,1297,664,633,7140,3770,3370
104,135,294,173,121,300,177,123,96,73,23,91,39,52,19,2,17
104,145,1012,622,390,1540,973,567,967,308,659,2578,1388,1190,4250,2368,1882
104,200,16202,6284,9918,15503,5644,9859,22505,9560,12945,26370,3886,22484,39469,29493,9976
104,7,5,2,3,5,3,2,5,3,2,4,2,2,4,2,2
104,14,8,2,6,8,3,5,26,20,6,26,20,6,12,8,4
104,25,25,17,8,26,18,8,4,3,1,64,47,17,2,2,0
104,38,33,29,4,33,28,5,5,4,1,5,4,1,2,1,1
104,53,119,91,28,119,91,28,1,0,1,22,15,7,23,16,7
104,62,771,497,274,770,496,274,2431,1685,746,2475,1716,759,200,142,58
104,86,49,22,27,48,21,27,54,23,31,54,24,30,13,4,9
104,92,217,159,58,217,160,57,298,217,81,298,218,80,284,207,77
104,129,18,8,10,19,9,10,3,1,2,4,1,3,5,2,3
104,164,35,16,19,32,15,17,91,44,47,130,63,67,3,1,2
104,174,2,1,1,4,2,2,2,2,0,1,0,1,0,0,0
104,50,194,101,93,412,257,155,561,354,207,1035,642,393,84,48,36
104,65,79,60,19,79,59,20,19,9,10,18,8,10,12,8,4
104,88,46,12,34,47,12,35,44,37,7,44,38,6,48,35,13
104,94,4,3,1,4,3,1,4,2,2,4,2,2,5,4,1
104,133,931,612,319,1124,740,384,586,269,317,218,105,113,28,21,7
104,148,38,26,12,20,13,7,21,16,5,11,9,2,13,10,3
104,157,46,30,16,78,49,29,251,191,60,292,223,69,197,136,61
104,8,62639,32272,30367,62639,32271,30368,39374,21125,18249,39374,21124,18250,20324,8729,11595
104,24,45,28,17,44,23,21,166,90,76,164,90,74,201,116,85
104,28,7458,3842,3616,7459,3843,3616,8828,4121,4707,9493,4521,4972,7523,4427,3096
104,42,361,243,118,362,244,118,700,208,492,700,208,492,1481,707,774
104,46,95,52,43,95,52,43,127,70,57,278,203,75,187,132,55
104,63,172,97,75,171,97,74,287,186,101,762,432,330,1201,699,502
104,75,12,3,9,12,4,8,7,5,2,8,5,3,1,0,1
104,159,146,98,48,145,96,49,47,28,19,45,28,17,22,14,8
104,160,305,180,125,352,198,154,415,235,180,240,140,100,250,145,105
104,222,2875,1019,1856,2100,280,1820,1034,570,464,1320,619,701,998,492,506
104,225,7617,5384,2233,7193,5010,2183,1053,419,634,1008,354,654,1601,755,846
104,22,6,4,2,7,5,2,10,6,4,10,6,4,1,1,0
104,37,15000,8008,6992,7334,4257,3077,39401,16298,23103,22842,7771,15071,29722,14952,14770
104,220,64182,27906,36276,43072,17686,25386,46955,19681,27274,41728,22287,19441,8525,4341,4184
104,11,10401,7092,3309,26624,14250,12374,13500,8750,4750,15870,9490,6380,5361,2610,2751
104,147,141,67,74,834,383,451,71,33,38,300,144,156,273,131,142
104,146,36,25,11,37,26,11,20,16,4,20,15,5,17,13,4
104,76,12,9,3,11,8,3,7,6,1,6,4,2,8,6,2
104,36,0,0,0,0,0,0,511,292,219,104,51,53,51,34,17
104,68,0,0,0,0,0,0,0,0,0,295,214,81,21,15,6
104,137,0,0,0,0,0,0,0,0,0,186,53,133,23,8,15
104,54,0,0,0,0,0,0,0,0,0,22,16,6,1,1,0
105,191,73,12,61,38,5,33,15,5,10,58,23,35,43,18,25
105,55,2,1,1,1,0,1,3,1,2,6,2,4,1,1,0
105,31,1,0,1,1,1,0,2,1,1,1,1,0,1,1,0
105,56,1,0,1,1,1,0,4,2,2,4,3,1,5,2,3
105,95,8,5,3,7,4,3,6,5,1,5,4,1,10,5,5
105,59,29,18,11,29,18,11,12,2,10,11,2,9,19,4,15
105,73,4,1,3,4,2,2,15,8,7,14,7,7,34,19,15
105,96,2,1,1,2,1,1,4,0,4,4,1,3,3,2,1
105,101,41,12,29,75,25,50,10,5,5,22,13,9,3,0,3
105,114,0,0,0,0,0,0,0,0,0,1,1,0,1,1,0
105,153,10,7,3,19,3,16,43,24,19,29,18,11,13,5,8
105,199,28,15,13,14,8,6,27,17,10,58,37,21,70,51,19
105,218,2923,1381,1542,3434,467,2967,3200,1418,1782,11919,4529,7390,18987,7133,11854
105,83,4,3,1,5,4,1,26,14,12,27,15,12,0,0,0
105,104,68,20,48,67,20,47,87,44,43,86,43,43,8,4,4
105,163,9,4,5,10,4,6,4,2,2,3,0,3,3,1,2
105,193,11,5,6,347,155,192,196,88,108,80,43,37,20,12,8
105,12,15,8,7,14,7,7,17,5,12,17,6,11,30,14,16
105,19,0,0,0,3,1,2,17,9,8,11,6,5,13,12,1
105,74,15,1,14,15,2,13,239,86,153,253,98,155,39,13,26
105,80,284,92,192,284,92,192,469,224,245,468,223,245,76,33,43
105,145,185,64,121,207,72,135,78,37,41,39,6,33,107,65,42
105,200,61,45,16,63,45,18,58,9,49,106,18,88,119,81,38
105,6,72,39,33,71,38,33,55,31,24,37,22,15,33,19,14
105,7,1446,457,989,1446,457,989,237,77,160,237,77,160,238,78,160
105,10,277,101,176,276,101,175,6,5,1,10,0,10,37,12,25
105,14,490,274,216,491,275,216,1576,420,1156,1576,421,1155,578,140,438
105,17,57,26,31,57,25,32,103,39,64,108,41,67,47,16,31
105,25,488,203,285,488,203,285,93,39,54,1172,469,703,47,22,25
105,29,48,15,33,48,16,32,54,21,33,53,21,32,53,21,32
105,38,1851,823,1028,1852,824,1028,1014,743,271,999,745,254,116,68,48
105,53,159,89,70,159,88,71,2,0,2,29,12,17,31,14,17
105,61,15,5,10,12,5,7,17,5,12,20,7,13,18,6,12
105,62,47,28,19,46,27,19,193,122,71,195,124,71,7,5,2
105,85,20,10,10,20,10,10,4,2,2,5,2,3,1,1,0
105,164,4,2,2,6,3,3,21,10,11,29,14,15,1,1,0
105,173,20,10,10,34,17,17,12,6,6,10,6,4,3,2,1
105,174,27,12,15,39,16,23,23,9,14,10,4,6,10,4,6
105,176,6,1,5,4,2,2,2,1,1,2,1,1,2,1,1
105,186,0,0,0,0,0,0,1134,487,647,1135,487,648,95,39,56
105,209,75,37,38,62,35,27,58,28,30,589,328,261,52,39,13
105,221,45,20,25,47,21,26,10,6,4,11,6,5,0,0,0
105,20,21,7,14,21,7,14,9,5,4,9,5,4,68,40,28
105,50,147,72,75,43,27,16,57,25,32,105,44,61,9,3,6
105,65,3,2,1,4,2,2,1,1,0,0,0,0,0,0,0
105,94,0,0,0,0,0,0,0,0,0,1,0,1,1,1,0
105,133,25,12,13,24,15,9,21,8,13,22,16,6,48,36,12
105,148,8,5,3,7,3,4,6,3,3,1,1,0,1,1,0
105,157,218,89,129,171,72,99,32,19,13,38,36,2,104,49,55
105,8,1,1,0,1,1,0,7,7,0,7,7,0,0,0,0
105,24,1,1,0,2,1,1,2,1,1,2,2,0,1,1,0
105,28,17,6,11,16,6,10,41,41,0,39,39,0,28,24,4
105,42,4,4,0,3,3,0,4,2,2,4,1,3,10,7,3
105,46,15,7,8,15,7,8,10,4,6,4,2,2,4,3,1
105,63,2,1,1,1,0,1,3,2,1,7,3,4,11,5,6
105,91,41,22,19,41,23,18,44,24,20,43,24,19,43,23,20
105,225,53,19,34,41,16,25,15,9,6,13,8,5,3,1,2
105,22,58,27,31,58,28,30,85,82,3,84,82,2,8,5,3
105,37,9886,4543,5343,12458,5801,6657,7631,4408,3223,7989,999,6990,14747,6155,8592
105,220,100951,44632,56319,118736,53199,65537,40370,19359,21011,47652,14931,32721,70981,29567,41414
105,11,168,106,62,120,83,37,70,10,60,90,70,20,177,84,93
105,68,0,0,0,0,0,0,0,0,0,2,1,1,0,0,0
105,54,0,0,0,0,0,0,0,0,0,1197,348,849,103,31,72
106,131,9,6,3,7,3,4,4,0,4,3,0,3,1,1,0
106,215,2,2,0,146,90,56,2,1,1,1,1,0,2,1,1
106,230,9,6,3,8,5,3,16,10,6,43,28,15,12,5,7
106,77,2,1,1,3,2,1,2,1,1,2,1,1,2,1,1
106,64,350,185,165,262,140,122,161,112,49,80,24,56,202,24,178
106,118,1728,894,834,1688,846,842,137,106,31,77,53,24,113,68,45
106,142,8,2,6,10,5,5,32,12,20,5,2,3,10,3,7
106,191,284,166,118,67,64,3,142,57,85,518,236,282,494,230,264
106,34,1,0,1,1,1,0,1,0,1,2,0,2,0,0,0
106,81,2,1,1,3,1,2,13,9,4,2,1,1,9,6,3
106,89,4,4,0,2,1,1,27,8,19,33,11,22,10,4,6
106,184,1,1,0,1,1,0,1,0,1,1,1,0,2,1,1
106,43,185,114,71,185,113,72,559,533,26,560,534,26,894,701,193
106,44,1103,572,531,1103,573,530,1075,290,785,1106,307,799,555,131,424
106,57,7,4,3,7,3,4,13,7,6,12,6,6,19,11,8
106,136,12,10,2,15,11,4,80,41,39,107,67,40,33,12,21
106,166,4262,621,3641,7035,1939,5096,1626,525,1101,3968,632,3336,5826,2138,3688
106,30,55,33,22,54,32,22,4,3,1,4,3,1,4,3,1
106,35,94,58,36,94,58,36,54,31,23,54,31,23,13,7,6
106,98,4242,2534,1708,4241,2533,1708,6185,4163,2022,6843,4232,2611,1311,920,391
106,124,761,431,330,1393,733,660,3416,2018,1398,4917,3000,1917,708,600,108
106,161,1122,475,647,2236,1154,1082,3423,1992,1431,3865,2178,1687,212,132,80
106,203,999,429,570,879,649,230,1513,930,583,905,482,423,1003,559,444
106,226,100,64,36,247,165,82,338,228,110,733,453,280,301,187,114
106,16,288,207,81,288,208,80,1699,1525,174,1699,1526,173,747,679,68
106,23,10,6,4,11,8,3,20,12,8,20,12,8,7,5,2
106,97,45,29,16,44,29,15,66,28,38,67,28,39,27,11,16
106,125,11,2,9,7,7,0,11,7,4,25,22,3,27,24,3
106,194,98,78,20,100,55,45,203,53,150,418,202,216,14,10,4
106,55,9,3,6,8,3,5,18,7,11,33,13,20,4,2,2
106,107,8,3,5,9,3,6,55,44,11,52,40,12,124,95,29
106,211,443,164,279,450,165,285,56,1,55,58,0,58,57,14,43
106,31,18,9,9,17,9,8,27,15,12,23,12,11,31,14,17
106,56,24,13,11,23,13,10,663,333,330,601,319,282,169,67,102
106,95,324,168,156,324,168,156,216,118,98,216,119,97,51,39,12
106,162,48,26,22,40,21,19,139,39,100,152,43,109,19,3,16
106,170,24,16,8,6,3,3,171,88,83,155,79,76,20,8,12
106,187,35,12,23,47,16,31,11,5,6,12,6,6,24,11,13
106,59,194,48,146,194,49,145,202,53,149,201,53,148,196,60,136
106,73,83,27,56,83,28,55,332,103,229,331,103,228,421,80,341
106,96,14,5,9,13,5,8,22,8,14,22,9,13,11,1,10
106,101,180,55,125,334,118,216,48,25,23,100,62,38,13,1,12
106,114,2,1,1,3,2,1,3,1,2,3,1,2,3,1,2
106,120,1,0,1,4,2,2,9,6,3,8,5,3,4,3,1
106,153,41,1,40,59,14,45,36,10,26,241,70,171,192,58,134
106,199,335,131,204,155,55,100,368,20,348,354,1,353,303,88,215
106,218,4100,870,3230,4633,1049,3584,1696,1671,25,1958,418,1540,4407,1176,3231
106,52,0,0,0,0,0,0,28,7,21,28,7,21,0,0,0
106,83,322,182,140,308,186,122,23,20,3,24,21,3,27,19,8
106,104,3024,1271,1753,3025,1271,1754,577,154,423,577,154,423,209,104,105
106,127,3,0,3,5,2,3,5,1,4,15,3,12,10,4,6
106,163,94,43,51,103,47,56,22,4,18,27,17,10,27,4,23
106,182,25,11,14,11,4,7,0,0,0,0,0,0,1,0,1
106,188,8,3,5,9,3,6,9,6,3,44,23,21,12,4,8
106,193,387,192,195,1259,638,621,1797,576,1221,555,58,497,490,45,445
106,12,210,84,126,209,83,126,242,39,203,242,39,203,431,135,296
106,19,457,174,283,363,133,230,352,72,280,540,232,308,454,113,341
106,74,584,20,564,584,20,564,1116,846,270,2322,338,1984,1615,405,1210
106,80,3358,457,2901,3358,458,2900,1780,714,1066,1781,715,1066,1102,424,678
106,121,46,25,21,41,22,19,34,8,26,30,6,24,97,51,46
106,145,723,311,412,888,381,507,451,98,353,269,232,37,34,6,28
106,200,542,233,309,559,248,311,680,79,601,1255,232,1023,1132,689,443
106,7,8,4,4,7,3,4,1,0,1,1,1,0,1,0,1
106,14,17,3,14,17,4,13,3,1,2,4,2,2,3,1,2
106,25,83,41,42,83,41,42,15,7,8,231,108,123,3,3,0
106,38,8,6,2,8,5,3,2,1,1,1,1,0,1,0,1
106,62,139,61,78,139,62,77,600,323,277,607,326,281,18,9,9
106,92,40,23,17,39,23,16,54,31,23,54,32,22,51,29,22
106,164,9,5,4,10,4,6,40,19,21,57,28,29,2,0,2
106,174,3,1,2,6,1,5,3,1,2,2,0,2,1,0,1
106,50,38,22,16,47,26,21,74,43,31,137,78,59,11,6,5
106,65,4,3,1,3,3,0,9,6,3,8,5,3,2,1,1
106,88,11,8,3,13,9,4,17,13,4,17,14,3,19,13,6
106,94,3,2,1,4,3,1,2,1,1,2,0,2,3,2,1
106,133,551,182,369,709,272,437,878,411,467,474,208,266,16,7,9
106,148,11,8,3,4,2,2,3,3,0,2,2,0,2,2,0
106,157,75,48,27,91,56,35,28,23,5,23,12,11,56,31,25
106,8,631,330,301,631,330,301,345,203,142,346,203,143,594,283,311
106,24,54,20,34,38,11,27,32,20,12,35,21,14,234,120,114
106,28,7833,4383,3450,7833,4383,3450,10802,5626,5176,11667,6104,5563,9931,5074,4857
106,42,77,21,56,76,21,55,151,49,102,151,49,102,319,158,161
106,46,31,18,13,30,17,13,3,1,2,99,64,35,48,31,17
106,63,30,17,13,30,18,12,55,35,20,145,80,65,229,130,99
106,159,200,120,80,208,132,76,107,56,51,101,55,46,49,26,23
106,160,305,167,138,353,182,171,416,217,199,240,129,111,251,134,117
106,225,173,104,69,138,84,54,44,24,20,39,21,18,10,7,3
106,22,85,3,82,84,3,81,200,169,31,199,169,30,9,6,3
106,37,6889,3296,3593,7332,3512,3820,4988,1326,3662,5252,607,4645,3807,1233,2574
106,220,22319,12049,10270,35092,18847,16245,1690,9,1681,6018,1734,4284,3373,2171,1202
106,11,2733,2190,543,6017,2601,3416,7820,1860,5960,7170,2670,4500,12869,4302,8567
106,147,4179,1471,2708,2065,1755,310,765,366,399,838,399,439,678,317,361
106,158,6,2,4,68,39,29,106,103,3,46,29,17,5,4,1
106,189,1,1,0,4,4,0,35,33,2,30,29,1,2,1,1
106,87,32,14,18,31,13,18,182,50,132,182,49,133,18,9,9
106,134,7,0,7,8,6,2,4,3,1,2,1,1,1,0,1
106,152,45,15,30,71,5,66,50,15,35,212,134,78,63,32,31
106,156,49,29,20,172,104,68,127,93,34,7,7,0,4,4,0
106,76,2,1,1,2,0,2,1,1,0,1,0,1,2,1,1
106,177,19,15,4,20,16,4,5,4,1,7,6,1,2,1,1
106,208,6,2,4,10,7,3,11,7,4,15,7,8,18,6,12
106,68,0,0,0,0,0,0,0,0,0,55,28,27,4,2,2
106,54,0,0,0,0,0,0,0,0,0,120,56,64,10,5,5
107,2,14,2,12,14,1,13,924,505,419,924,505,419,43,23,20
107,64,87,58,29,363,203,160,731,520,211,362,119,243,917,145,772
107,118,2572,2220,352,2775,2457,318,2528,2029,499,1556,1168,388,2307,1571,736
107,191,20,7,13,10,3,7,4,3,1,17,9,8,11,7,4
107,98,1642,745,897,1641,745,896,4432,2752,1680,4818,2722,2096,830,537,293
107,161,80,79,1,59,55,4,59,43,16,65,46,19,2,2,0
107,194,31,25,6,33,18,15,67,17,50,137,65,72,4,3,1
107,15,577,398,179,590,385,205,3163,2057,1106,4879,3150,1729,1842,1095,747
107,55,46,27,19,45,27,18,93,57,36,177,112,65,21,15,6
107,100,1427,265,1162,1796,1144,652,2801,2052,749,457,279,178,1039,533,506
107,111,3320,149,3171,3682,3607,75,2809,1801,1008,8925,5619,3306,16955,7670,9285
107,115,184,81,103,184,80,104,219,65,154,220,66,154,91,30,61
107,154,4205,2770,1435,1752,1612,140,2153,1625,528,808,621,187,9482,6129,3353
107,165,2372,1099,1273,379,111,268,3060,1888,1172,12450,12099,351,5301,4597,704
107,180,2245,1655,590,2541,1829,712,22368,17195,5173,34825,26433,8392,29895,16917,12978
107,195,1260,719,541,1259,719,540,2226,248,1978,2225,247,1978,550,303,247
107,211,308,196,112,311,196,115,27,11,16,28,10,18,27,9,18
107,217,9679,7088,2591,11737,8236,3501,16132,10256,5876,78212,53280,24932,25747,16524,9223
107,18,9,8,1,8,8,0,1,1,0,1,1,0,2,2,0
107,31,11,8,3,11,8,3,28,24,4,23,19,4,37,18,19
107,56,13,11,2,13,11,2,53,44,9,45,39,6,23,12,11
107,95,40,32,8,40,31,9,63,48,15,63,48,15,46,31,15
107,162,33,29,4,27,24,3,13,10,3,8,6,2,5,5,0
107,169,266,223,43,238,192,46,93,55,38,51,42,9,851,665,186
107,170,325,35,290,315,7,308,90,65,25,108,80,28,15,12,3
107,187,10,8,2,17,14,3,5,4,1,5,4,1,10,8,2
107,216,146,139,7,93,89,4,367,358,9,178,173,5,12,12,0
107,59,194,109,85,194,110,84,88,35,53,88,36,52,73,36,37
107,73,30,20,10,30,21,9,63,36,27,62,36,26,86,38,48
107,96,6,2,4,6,3,3,0,0,0,0,0,0,2,1,1
107,101,38,20,18,71,41,30,6,3,3,22,16,6,2,0,2
107,114,2,2,0,2,2,0,0,0,0,0,0,0,2,1,1
107,153,26,16,10,35,21,14,39,16,23,153,86,67,113,47,66
107,199,156,86,70,73,38,35,488,267,221,1292,835,457,907,522,385
107,218,243,125,118,289,151,138,1144,707,437,1482,929,553,694,399,295
107,52,0,0,0,0,0,0,34,30,4,34,30,4,0,0,0
107,83,843,777,66,817,760,57,9,3,6,9,3,6,26,22,4
107,104,1130,1073,57,1128,1072,56,157,83,74,158,83,75,29,14,15
107,127,3,2,1,4,4,0,4,2,2,14,12,2,9,8,1
107,163,3,3,0,5,4,1,8,4,4,6,2,4,3,1,2
107,182,65,51,14,28,21,7,1,1,0,2,2,0,3,2,1
107,188,10,9,1,9,8,1,34,25,9,18,17,1,14,10,4
107,193,159,122,37,620,489,131,287,174,113,123,71,52,162,62,100
107,12,53,39,14,53,40,13,61,38,23,61,39,22,109,77,32
107,19,85,58,27,89,61,28,217,146,71,96,41,55,145,93,52
107,74,31,16,15,30,15,15,172,19,153,231,196,35,109,71,38
107,80,1042,1013,29,1041,1013,28,842,342,500,841,342,499,422,272,150
107,145,183,111,72,205,125,80,122,56,66,20,14,6,32,3,29
107,200,87,56,31,90,57,33,59,31,28,70,19,51,102,79,23
107,164,10,5,5,11,5,6,43,20,23,61,30,31,2,0,2
107,50,2,2,0,2,2,0,3,2,1,6,4,2,0,0,0
107,94,2,1,1,1,1,0,0,0,0,1,0,1,1,1,0
107,133,13,4,9,16,5,11,15,8,7,8,4,4,14,12,2
107,148,2,2,0,6,3,3,7,2,5,1,1,0,1,1,0
107,157,18,13,5,23,15,8,6,5,1,11,9,2,18,12,6
107,8,4,2,2,4,2,2,39,24,15,40,24,16,0,0,0
107,24,3,1,2,4,1,3,1,1,0,0,0,0,2,2,0
107,42,28,12,16,28,11,17,15,6,9,16,6,10,32,16,16
107,46,28,12,16,29,12,17,20,10,10,17,12,5,12,10,2
107,63,3,2,1,3,3,0,5,4,1,14,12,2,22,18,4
107,160,3,3,0,5,3,2,6,4,2,2,2,0,2,2,0
107,225,112,59,53,86,48,38,29,21,8,26,20,6,9,5,4
107,37,1499,718,781,1582,759,823,2169,1372,797,2605,1611,994,1162,638,524
107,220,6673,4383,2290,8250,5440,2810,7011,4621,2390,7672,2394,5278,3391,1980,1411
107,11,743,422,321,572,334,238,710,440,270,1070,630,440,1017,475,542
107,28,0,0,0,0,0,0,522,377,145,523,377,146,213,154,59
107,68,0,0,0,0,0,0,0,0,0,4,3,1,0,0,0
108,64,27,14,13,24,18,6,30,21,9,15,5,10,37,6,31
108,118,211,150,61,223,161,62,88,74,14,61,51,10,90,71,19
108,112,6614,3021,3593,7109,3224,3885,4863,2028,2835,5162,2143,3019,1717,712,1005
108,202,150,34,116,88,13,75,74,53,21,69,25,44,10,9,1
108,212,5747,2667,3080,5091,2343,2748,526,11,515,1394,374,1020,308,80,228
108,223,5233,2407,2826,4243,1951,2292,2702,946,1756,3466,1251,2215,1506,562,944
108,136,55,41,14,61,45,16,260,144,116,214,101,113,17,5,12
108,166,511,348,163,706,494,212,288,260,28,171,26,145,920,399,521
108,97,644,15,629,644,15,629,205,14,191,205,13,192,82,5,77
108,9,48,36,12,78,36,42,309,71,238,101,18,83,346,124,222
108,13,604,60,544,80,23,57,223,166,57,350,49,301,176,25,151
108,55,25,8,17,24,8,16,50,18,32,95,37,58,12,7,5
108,79,3534,1728,1806,3535,1728,1807,1204,500,704,1127,467,660,854,348,506
108,103,1722,741,981,1274,586,688,1904,883,1021,2039,932,1107,414,152,262
108,107,11,3,8,11,4,7,11,6,5,10,5,5,25,13,12
108,211,1717,756,961,1728,757,971,141,4,137,146,1,145,142,34,108
108,18,4280,1854,2426,4281,1854,2427,1007,494,513,1007,494,513,616,281,335
108,31,182,54,128,181,53,128,253,87,166,224,78,146,193,80,113
108,56,228,121,107,227,121,106,2000,958,1042,1762,913,849,1636,874,762
108,95,53,30,23,54,30,24,85,44,41,85,45,40,62,37,25
108,162,691,359,332,591,303,288,575,258,317,704,301,403,171,46,125
108,167,6711,2557,4154,4841,2185,2656,2679,1021,1658,891,741,150,536,363,173
108,169,0,0,0,0,0,0,0,0,0,0,0,0,35,17,18
108,170,156435,56217,100218,65549,12850,52699,32235,17735,14500,56103,41692,14411,47926,15294,32632
108,187,57,26,31,80,35,45,20,10,10,21,11,10,43,22,21
108,216,40216,14702,25514,36666,13150,23516,21917,9653,12264,10644,4613,6031,741,503,238
108,59,3,1,2,2,0,2,53,20,33,52,19,33,63,22,41
108,68,1904,1061,843,1904,1061,843,160,88,72,127,65,62,292,131,161
108,73,22,10,12,22,11,11,64,25,39,64,26,38,131,42,89
108,96,1,0,1,0,0,0,7,1,6,7,1,6,5,3,2
108,101,88,38,50,163,77,86,21,11,10,48,33,15,5,0,5
108,114,4099,1874,2225,4099,1874,2225,733,368,365,935,526,409,1139,553,586
108,120,4755,2368,2387,1810,917,893,156,131,25,1022,723,299,825,429,396
108,153,6,3,3,40,3,37,246,90,156,357,142,215,247,82,165
108,199,26,8,18,12,3,9,432,170,262,622,251,371,665,324,341
108,218,359,115,244,368,118,250,1883,723,1160,2106,823,1283,595,182,413
108,52,0,0,0,0,0,0,34,7,27,33,6,27,0,0,0
108,83,10213,4725,5488,10438,4706,5732,1696,678,1018,1695,677,1018,1153,872,281
108,104,246,12,234,246,12,234,1654,302,1352,1654,303,1351,115,57,58
108,163,31,21,10,34,22,12,377,197,180,300,154,146,76,25,51
108,182,64,14,50,28,5,23,1,1,0,2,1,1,3,1,2
108,188,3,1,2,5,1,4,4,3,1,38,9,29,33,23,10
108,193,12,2,10,23,6,17,377,173,204,764,310,454,613,225,388
108,12,78,36,42,77,36,41,90,23,67,90,24,66,160,63,97
108,19,7,3,4,9,4,5,925,373,552,1134,509,625,696,356,340
108,74,14,1,13,14,2,12,1433,509,924,491,268,223,195,74,121
108,80,238446,100868,137578,238445,100867,137578,247938,130545,117393,247937,130545,117392,33879,16123,17756
108,145,1,1,0,3,0,3,82,38,44,36,21,15,102,48,54
108,200,570,274,296,574,277,297,321,116,205,355,41,314,358,241,117
108,62,1,1,0,0,0,0,3,0,3,3,1,2,1,1,0
108,50,1,0,1,0,0,0,1,0,1,2,0,2,0,0,0
108,24,1,1,0,1,1,0,9,3,6,9,3,6,3,1,2
108,42,1,1,0,1,1,0,1,0,1,2,1,1,5,1,4
108,37,17,1,16,103,42,61,2582,1170,1412,2965,1360,1605,1096,508,588
108,220,1519,774,745,1819,933,886,1697,870,827,1831,806,1025,12622,6161,6461
108,11,56,12,44,37,6,31,300,90,210,530,230,300,478,171,307
108,28,0,0,0,0,0,0,12,0,12,12,0,12,5,0,5
109,33,30,18,12,14,7,7,300,168,132,345,194,151,185,105,80
109,47,1,1,0,1,1,0,4,2,2,4,2,2,1,0,1
109,67,23,4,19,23,4,19,64,40,24,64,40,24,6,6,0
109,171,500,290,210,763,443,320,399,231,168,19,11,8,17,10,7
109,183,153,47,106,153,47,106,17,11,6,18,12,6,45,4,41
109,192,0,0,0,0,0,0,0,0,0,9821,5648,4173,481,109,372
109,215,1272,922,350,10182,5208,4974,327,254,73,1117,496,621,312,177,135
109,219,1873,795,1078,1468,636,832,1262,556,706,1146,516,630,617,165,452
109,230,105,66,39,79,51,28,115,74,41,172,61,111,249,95,154
109,64,21,20,1,17,14,3,19,15,4,10,5,5,24,9,15
109,118,84,76,8,79,70,9,45,35,10,27,19,8,37,23,14
109,196,123,70,53,126,72,54,507,261,246,3046,1573,1473,239,126,113
109,27,57,28,29,75,37,38,141,71,70,143,72,71,177,87,90
109,142,72,31,41,111,53,58,306,158,148,42,20,22,93,44,49
109,191,1771,697,1074,2881,1197,1684,1351,531,820,4896,2194,2702,4647,2131,2516
109,81,0,0,0,1,1,0,4,3,1,0,0,0,2,1,1
109,161,118,54,64,153,68,85,115,51,64,107,50,57,0,0,0
109,97,2629,1230,1399,2629,1229,1400,221,109,112,222,110,112,89,44,45
109,55,9,4,5,8,4,4,18,9,9,33,17,16,4,2,2
109,211,59,38,21,61,38,23,4,1,3,5,2,3,2,0,2
109,31,2,1,1,2,1,1,3,1,2,2,1,1,6,5,1
109,56,5,3,2,5,4,1,31,22,9,26,19,7,10,4,6
109,95,21,10,11,21,11,10,14,8,6,14,8,6,19,14,5
109,162,11,6,5,9,6,3,3,2,1,5,1,4,2,0,2
109,170,33,10,23,30,2,28,48,46,2,42,41,1,8,5,3
109,187,6,3,3,9,3,6,2,1,1,2,1,1,5,2,3
109,59,194,83,111,193,82,111,207,75,132,207,75,132,193,70,123
109,70,0,0,0,0,0,0,0,0,0,3,1,2,10,4,6
109,73,41,19,22,41,19,22,379,185,194,379,186,193,618,247,371
109,96,7,3,4,6,3,3,15,1,14,15,2,13,57,29,28
109,101,164,65,99,305,134,171,39,20,19,91,61,30,10,1,9
109,114,0,0,0,0,0,0,1,0,1,2,1,1,1,0,1
109,153,129,39,90,209,90,119,260,95,165,417,159,258,446,142,304
109,199,186,79,107,86,33,53,350,129,221,807,340,467,1192,515,677
109,218,6829,2838,3991,8789,3687,5102,2854,1684,1170,9648,3921,5727,16599,7007,9592
109,83,193,127,66,196,125,71,50,27,23,49,27,22,20,15,5
109,104,458,150,308,458,151,307,1295,560,735,1295,560,735,77,38,39
109,127,4,2,2,5,3,2,7,3,4,9,6,3,7,3,4
109,163,51,22,29,56,23,33,20,4,16,40,13,27,8,1,7
109,188,5,2,3,6,2,4,2,1,1,3,2,1,9,7,2
109,193,73,34,39,204,96,108,280,72,208,540,135,405,228,29,199
109,12,69,29,40,69,29,40,80,15,65,80,16,64,142,48,94
109,19,1,1,0,7,2,5,116,43,73,144,57,87,330,141,189
109,74,31,0,31,32,1,31,320,254,66,462,87,375,132,35,97
109,80,1605,360,1245,1604,360,1244,4982,1235,3747,4981,1234,3747,501,134,367
109,145,356,155,201,404,176,228,363,133,230,409,157,252,440,177,263
109,200,363,180,183,371,186,185,271,51,220,447,62,385,508,338,170
109,14,1,1,0,2,1,1,7,2,5,7,2,5,2,1,1
109,38,13,3,10,14,4,10,2,0,2,2,1,1,1,0,1
109,50,0,0,0,2,2,0,2,2,0,4,4,0,0,0,0
109,133,23,1,22,20,0,20,17,13,4,22,15,7,22,16,6
109,8,0,0,0,0,0,0,2,1,1,2,1,1,0,0,0
109,24,4,2,2,3,2,1,2,0,2,1,0,1,2,1,1
109,42,6,3,3,5,3,2,3,1,2,4,1,3,8,5,3
109,37,2053,954,1099,2480,1162,1318,1610,584,1026,2934,1241,1693,2938,1365,1573
109,220,12604,6638,5966,13707,7252,6455,21967,11648,10319,22736,11261,11475,20082,10250,9832
109,11,1441,714,727,1079,538,541,3690,1920,1770,4500,2110,2390,2460,1218,1242
109,147,57,30,27,793,386,407,323,156,167,148,71,77,123,57,66
109,28,0,0,0,0,0,0,22,1,21,23,2,21,9,0,9
109,68,0,0,0,0,0,0,0,0,0,2,2,0,0,0,0
110,31,1,0,1,1,1,0,1,0,1,1,1,0,1,1,0
110,56,0,0,0,0,0,0,2,1,1,0,0,0,0,0,0
110,59,0,0,0,1,1,0,0,0,0,1,0,1,0,0,0
110,73,0,0,0,0,0,0,0,0,0,0,0,0,0,0,0
110,101,0,0,0,0,0,0,0,0,0,0,0,0,0,0,0
110,218,71,31,40,73,31,42,13,11,2,14,5,9,19,5,14
110,104,5,3,2,5,3,2,3,0,3,5,1,4,0,0,0
110,74,0,0,0,0,0,0,11,9,2,14,9,5,1,0,1
110,37,20,10,10,20,9,11,21,10,11,19,9,10,0,0,0
110,11,34,9,25,8,0,8,60,20,40,80,30,50,44,12,32
110,147,177,86,91,195,84,111,294,142,152,382,184,198,365,176,189
110,72,10,8,2,2,2,0,3,2,1,52,33,19,22,16,6
110,189,11,4,7,46,21,25,344,152,192,307,134,173,18,9,9
110,128,29,21,8,35,19,16,44,21,23,57,31,26,16,10,6
110,143,89,41,48,89,42,47,57,25,32,61,30,31,23,10,13
110,177,2,1,1,1,1,0,1,0,1,2,1,1,1,0,1
110,214,11,2,9,8,1,7,5,0,5,6,1,5,9,3,6
110,28,0,0,0,0,0,0,42,27,15,43,27,16,17,11,6
110,68,0,0,0,0,0,0,0,0,0,1,1,0,0,0,0
111,2,112,21,91,112,21,91,489,326,163,488,326,162,23,15,8
111,64,83,22,61,124,120,4,417,319,98,206,94,112,523,166,357
111,118,1390,1152,238,1536,1282,254,1197,1003,194,823,672,151,1221,936,285
111,191,34,19,15,18,11,7,7,5,2,27,19,8,19,14,5
111,130,3,2,1,5,3,2,2,1,1,2,1,1,2,1,1
111,161,10,6,4,11,1,10,53,28,25,59,30,29,3,2,1
111,97,4711,2243,2468,4712,2243,2469,565,283,282,566,283,283,226,113,113
111,194,204,165,39,206,113,93,419,113,306,862,423,439,30,21,9
111,15,185,109,76,192,107,85,1118,733,385,1831,1217,614,355,212,143
111,55,24,12,12,24,13,11,49,27,22,94,54,40,10,6,4
111,100,55,7,48,73,46,27,112,81,31,18,11,7,43,22,21
111,107,340,275,65,339,276,63,406,335,71,377,306,71,901,726,175
111,115,154,119,35,154,120,34,90,57,33,90,57,33,109,73,36
111,154,113,73,40,64,48,16,34,20,14,59,53,6,370,300,70
111,165,912,881,31,523,191,332,1476,1081,395,2945,2897,48,1901,1435,466
111,195,380,227,153,380,227,153,669,279,390,669,278,391,169,101,68
111,211,98,64,34,99,63,36,8,3,5,8,3,5,4,1,3
111,217,3809,2768,1041,4783,3405,1378,4650,2676,1974,30347,21422,8925,5862,3883,1979
111,31,19,13,6,19,14,5,27,21,6,23,17,6,3,1,2
111,56,7,5,2,6,4,2,32,28,4,28,26,2,14,7,7
111,95,17,12,5,18,13,5,28,19,9,28,19,9,44,33,11
111,162,29,18,11,23,15,8,29,27,2,32,31,1,7,5,2
111,170,46,5,41,46,2,44,42,36,6,44,38,6,1,1,0
111,187,15,11,4,22,15,7,6,4,2,6,4,2,13,9,4
111,59,433,245,188,433,245,188,198,116,82,197,115,82,53,49,4
111,73,22,14,8,22,15,7,26,17,9,25,17,8,40,26,14
111,96,1,1,0,0,0,0,1,1,0,0,0,0,1,0,1
111,101,68,39,29,128,78,50,10,5,5,38,29,9,4,1,3
111,114,0,0,0,1,1,0,2,1,1,1,1,0,1,1,0
111,153,70,46,24,48,20,28,58,39,19,117,75,42,79,42,37
111,199,119,61,58,55,27,28,230,161,69,420,259,161,658,382,276
111,218,2403,1250,1153,2459,1277,1182,3058,1923,1135,3771,2365,1406,1543,829,714
111,83,58,35,23,60,35,25,4,3,1,2,2,0,5,4,1
111,104,29,25,4,28,25,3,219,126,93,218,126,92,8,4,4
111,127,2,1,1,2,2,0,4,3,1,38,21,17,13,10,3
111,182,43,26,17,19,11,8,0,0,0,1,1,0,2,1,1
111,193,22,14,8,704,445,259,398,253,145,36,28,8,78,63,15
111,12,18,12,6,17,12,5,21,12,9,20,11,9,37,24,13
111,19,0,0,0,0,0,0,1,0,1,3,2,1,9,8,1
111,74,22,9,13,22,9,13,77,75,2,58,43,15,55,31,24
111,145,305,176,129,338,194,144,38,22,16,216,143,73,31,15,16
111,200,61,38,23,63,39,24,46,17,29,54,8,46,70,52,18
111,24,2,1,1,1,1,0,0,0,0,1,0,1,1,1,0
111,42,2,2,0,2,2,0,1,0,1,2,1,1,2,1,1
111,46,0,0,0,1,1,0,1,0,1,3,2,1,2,1,1
111,225,1,0,1,1,1,0,2,1,1,4,2,2,4,2,2
111,37,3465,1665,1800,3606,1735,1871,1469,938,531,2128,1284,844,1541,796,745
111,220,5446,2734,2712,6032,3046,2986,1054,576,478,1318,463,855,2695,1286,1409
111,11,842,465,377,739,413,326,600,350,250,1210,780,430,1798,1228,570
111,28,0,0,0,0,0,0,10,0,10,10,0,10,4,0,4
111,68,0,0,0,0,0,0,0,0,0,6,6,0,0,0,0
112,64,3,3,0,1,1,0,9,8,1,4,3,1,11,7,4
112,191,0,0,0,0,0,0,18,7,11,4,2,2,2,1,1
112,108,330,323,7,330,323,7,693,391,302,692,390,302,403,248,155
112,202,4750,1281,3469,3368,526,2842,1814,1118,696,1685,714,971,146,119,27
112,223,343,293,50,378,253,125,121,106,15,148,16,132,191,43,148
112,166,0,0,0,0,0,0,635,375,260,888,509,379,1224,585,639
112,13,426,86,340,49,13,36,157,121,36,247,59,188,124,29,95
112,55,3,1,2,2,1,1,5,2,3,10,5,5,1,0,1
112,79,567,268,299,568,269,299,191,83,108,178,78,100,136,56,80
112,103,329,136,193,250,109,141,380,167,213,405,175,230,77,27,50
112,211,602,337,265,607,338,269,53,14,39,47,8,39,237,117,120
112,18,320,139,181,321,140,181,75,37,38,76,38,38,45,20,25
112,31,16,7,9,15,6,9,22,9,13,19,8,11,25,4,21
112,56,19,11,8,19,11,8,340,156,184,306,151,155,64,36,28
112,95,13,5,8,13,4,9,21,6,15,21,7,14,11,3,8
112,162,16,7,9,12,6,6,30,27,3,28,28,0,6,3,3
112,170,22019,10347,11672,5496,2342,3154,64984,31502,33482,54155,26377,27778,11070,3892,7178
112,187,4,2,2,8,4,4,2,1,1,2,1,1,5,3,2
112,216,3580,1096,2484,3167,913,2254,2636,1184,1452,1281,567,714,89,61,28
112,59,0,0,0,0,0,0,16,4,12,15,3,12,16,7,9
112,68,277,163,114,278,164,114,16,9,7,12,6,6,42,19,23
112,73,1,0,1,1,0,1,17,8,9,17,9,8,21,4,17
112,96,1,0,1,0,0,0,0,0,0,0,0,0,2,1,1
112,101,11,4,7,20,9,11,4,2,2,6,4,2,1,0,1
112,114,320,145,175,320,144,176,109,54,55,137,76,61,160,74,86
112,120,232,114,118,168,84,84,37,23,14,114,77,37,70,36,34
112,153,0,0,0,6,3,3,47,8,39,88,28,60,49,16,33
112,199,6,0,6,4,1,3,198,84,114,315,143,172,402,176,226
112,218,54,15,39,57,17,40,417,145,272,462,163,299,124,34,90
112,83,67,24,43,70,24,46,175,81,94,174,80,94,24,18,6
112,104,38,5,33,38,5,33,624,106,518,623,105,518,40,20,20
112,193,9,3,6,298,125,173,168,71,97,99,24,75,78,15,63
112,12,46,20,26,46,20,26,53,11,42,52,11,41,94,34,60
112,19,7,3,4,9,4,5,447,195,252,653,302,351,418,243,175
112,74,5,1,4,3,0,3,345,101,244,213,63,150,54,14,40
112,80,16389,6912,9477,16389,6912,9477,23954,11987,11967,23954,11987,11967,2788,1306,1482
112,145,0,0,0,0,0,0,37,21,16,5,4,1,29,11,18
112,200,130,54,76,131,54,77,59,15,44,75,4,71,74,47,27
112,24,0,0,0,0,0,0,2,1,1,2,1,1,1,1,0
112,42,0,0,0,0,0,0,1,0,1,1,0,1,3,2,1
112,37,3,1,2,17,7,10,519,232,287,586,265,321,200,91,109
112,220,394,201,193,473,243,230,1104,559,545,1148,535,613,889,430,459
112,11,15,14,1,18,15,3,150,70,80,130,60,70,93,39,54
113,191,13,1,12,8,1,7,2,1,1,10,6,4,6,4,2
113,136,2,1,1,1,0,1,3,2,1,1,1,0,0,0,0
113,35,196,108,88,196,108,88,113,58,55,112,56,56,28,14,14
113,161,2190,1109,1081,1599,823,776,91,45,46,69,37,32,85,43,42
113,203,40938,20650,20288,83429,37773,45656,250580,104298,146282,289274,127618,161656,140027,106400,33627
113,226,856,464,392,2105,1209,896,947,612,335,1040,460,580,975,763,212
113,16,833,697,136,832,697,135,11491,9766,1725,11490,9766,1724,4787,4155,632
113,55,1,0,1,0,0,0,1,0,1,2,0,2,0,0,0
113,31,0,0,0,0,0,0,1,0,1,0,0,0,0,0,0
113,56,1,0,1,1,1,0,12,6,6,11,5,6,2,1,1
113,95,5,4,1,5,3,2,8,5,3,7,4,3,5,3,2
113,170,19,2,17,19,1,18,26,25,1,25,24,1,3,3,0
113,59,3,1,2,3,1,2,14,3,11,13,2,11,12,5,7
113,73,3,1,2,2,0,2,8,1,7,7,0,7,31,2,29
113,101,12,5,7,21,10,11,2,1,1,6,4,2,1,0,1
113,153,8,4,4,14,8,6,11,4,7,32,4,28,15,0,15
113,199,53,25,28,25,11,14,54,11,43,66,16,50,29,4,25
113,218,190,81,109,196,83,113,73,2,71,116,22,94,77,20,57
113,83,0,0,0,0,0,0,18,8,10,18,9,9,1,1,0
113,104,51,25,26,51,25,26,41,20,21,40,20,20,6,3,3
113,193,11,5,6,345,174,171,195,99,96,22,8,14,15,8,7
113,12,9,5,4,8,4,4,10,3,7,10,3,7,18,8,10
113,19,0,0,0,3,1,2,21,4,17,8,7,1,12,6,6
113,74,1626,404,1222,1626,404,1222,11879,5829,6050,2269,1573,696,3219,1491,1728
113,80,606,374,232,607,374,233,1187,531,656,1186,530,656,120,58,62
113,119,0,0,0,1,1,0,16,6,10,18,7,11,0,0,0
113,145,25,13,12,29,14,15,24,3,21,29,4,25,48,19,29
113,200,22,9,13,24,12,12,76,23,53,106,7,99,155,109,46
113,50,1,1,0,1,1,0,1,0,1,2,0,2,0,0,0
113,8,35,31,4,35,31,4,155,76,79,156,76,80,1,0,1
113,24,8,4,4,7,4,3,7,4,3,8,4,4,0,0,0
113,42,6,3,3,6,2,4,0,0,0,0,0,0,1,1,0
113,75,36,23,13,34,22,12,52,36,16,52,35,17,11,3,8
113,37,64,35,29,324,127,197,439,142,297,386,278,108,1661,816,845
113,220,12589,6949,5640,20118,11033,9085,5902,2533,3369,3470,3418,52,5517,2478,3039
113,11,143,21,122,845,568,277,140,0,140,530,90,440,971,435,536
113,146,82,35,47,82,34,48,44,23,21,45,23,22,39,19,20
113,28,0,0,0,0,0,0,2,2,0,3,3,0,1,1,0
114,191,36,23,13,11,7,4,34,22,12,124,83,41,95,65,30
114,108,230,116,114,229,115,114,115,70,45,114,69,45,67,44,23
114,112,404,166,238,437,180,257,322,144,178,341,151,190,120,53,67
114,55,17,4,13,17,4,13,34,8,26,66,20,46,8,4,4
114,79,214,94,120,215,95,120,73,32,41,68,30,38,60,26,34
114,103,531,316,215,1032,488,544,2087,950,1137,2017,925,1092,119,41,78
114,211,22,8,14,24,8,16,3,1,2,3,1,2,2,1,1
114,18,1832,967,865,1831,967,864,430,128,302,431,129,302,467,141,326
114,31,24,6,18,24,6,18,33,10,23,30,9,21,38,9,29
114,56,17,8,9,16,7,9,88,30,58,75,29,46,186,99,87
114,95,38,10,28,37,10,27,23,7,16,23,7,16,30,14,16
114,162,459,212,247,391,177,214,385,157,228,324,142,182,57,9,48
114,170,4956,2285,2671,1305,517,788,6152,3910,2242,8124,4824,3300,1674,546,1128
114,187,35,13,22,48,18,30,11,5,6,12,5,7,24,11,13
114,216,1439,1181,258,1421,1301,120,1923,946,977,934,453,481,65,47,18
114,59,326,127,199,326,127,199,1022,430,592,1022,431,591,1731,855,876
114,68,906,501,405,907,502,405,19,8,11,33,33,0,304,130,174
114,73,117,51,66,117,52,65,432,183,249,432,183,249,841,315,526
114,96,10,7,3,9,6,3,320,165,155,319,165,154,62,1,61
114,101,3111,1472,1639,5207,2630,2577,7696,4024,3672,4943,1584,3359,466,70,396
114,120,519,231,288,2305,1133,1172,285,194,91,1378,931,447,1026,521,505
114,153,115,34,81,196,33,163,371,108,263,2051,1272,779,6899,4178,2721
114,199,338,130,208,156,54,102,410,61,349,1971,899,1072,1988,1009,979
114,218,1463,735,728,1509,760,749,26098,11480,14618,28560,12765,15795,7256,2796,4460
114,52,11,2,9,10,2,8,5,1,4,3,0,3,0,0,0
114,83,20,15,5,21,15,6,152,28,124,152,29,123,20,14,6
114,104,299,8,291,299,8,291,1282,327,955,1281,326,955,89,44,45
114,127,1,0,1,8,5,3,9,4,5,50,22,28,18,11,7
114,163,24,16,8,26,17,9,67,4,63,53,4,49,22,2,20
114,188,3,0,3,4,0,4,5,2,3,18,5,13,12,0,12
114,193,48,23,25,92,44,48,1128,471,657,1811,768,1043,858,204,654
114,12,57,23,34,57,24,33,66,11,55,65,11,54,116,37,79
114,19,0,0,0,4,2,2,318,82,236,533,204,329,895,383,512
114,74,43,8,35,42,7,35,457,235,222,728,259,469,211,85,126
114,80,4924,1933,2991,4923,1932,2991,8350,3521,4829,8349,3521,4828,1023,418,605
114,121,1,0,1,0,0,0,155,22,133,158,23,135,170,32,138
114,145,60,17,43,67,18,49,241,68,173,699,288,411,2007,897,1110
114,200,290,99,191,294,101,193,198,23,175,325,51,274,249,144,105
114,50,0,0,0,0,0,0,0,0,0,0,0,0,0,0,0
114,133,2,0,2,3,0,3,3,1,2,6,2,4,11,5,6
114,8,6,0,6,8,1,7,67,22,45,67,21,46,0,0,0
114,24,1,0,1,0,0,0,0,0,0,1,0,1,0,0,0
114,42,6,4,2,7,5,2,6,0,6,7,0,7,15,6,9
114,46,0,0,0,1,1,0,2,1,1,2,1,1,1,0,1
114,225,2,1,1,1,0,1,4,1,3,7,4,3,8,3,5
114,37,35,2,33,208,85,123,837,471,366,427,267,160,751,345,406
114,220,213,102,111,1062,570,492,1322,448,874,1003,658,345,264,146,118
114,11,571,426,145,2183,1258,925,1060,590,470,750,520,230,115,57,58
114,28,0,0,0,0,0,0,70,15,55,70,14,56,29,6,23
115,48,56,27,29,166,92,74,211,87,124,509,308,201,289,166,123
115,77,151,105,46,257,179,78,112,78,34,180,126,54,147,101,46
115,2,169,108,61,170,108,62,501,207,294,500,207,293,23,9,14
115,64,85,60,25,92,15,77,443,285,158,219,37,182,600,22,578
115,118,703,688,15,847,836,11,1533,1181,352,844,571,273,1251,734,517
115,139,76,47,29,45,17,28,23,5,18,109,53,56,349,172,177
115,142,3,1,2,4,3,1,13,8,5,2,1,1,4,2,2
115,191,340,119,221,179,55,124,75,37,38,274,145,129,261,141,120
115,81,44,21,23,62,16,46,238,157,81,21,8,13,152,97,55
115,89,130,123,7,81,52,29,872,487,385,1071,616,455,341,212,129
115,117,433,265,168,443,260,183,2204,897,1307,981,674,307,55,52,3
115,130,13,10,3,13,8,5,5,3,2,3,2,1,2,1,1
115,181,41,25,16,90,73,17,65,53,12,110,86,24,29,19,10
115,184,60,57,3,59,56,3,47,38,9,15,14,1,10,9,1
115,161,44,22,22,66,33,33,8,3,5,3,2,1,3,2,1
115,125,0,0,0,1,1,0,0,0,0,2,1,1,4,4,0
115,194,86,70,16,87,48,39,177,47,130,365,179,186,13,9,4
115,9,69,55,14,112,64,48,443,172,271,145,51,94,193,63,130
115,15,72,43,29,75,41,34,933,621,312,1334,894,440,1366,900,466
115,55,284,143,141,283,143,140,580,306,274,1106,610,496,129,83,46
115,100,268,29,239,340,206,134,500,346,154,89,52,37,212,108,104
115,103,646,273,373,390,200,190,508,288,220,575,310,265,189,64,125
115,107,396,115,281,395,108,287,991,657,334,922,585,337,2203,1383,820
115,111,897,429,468,509,482,27,330,153,177,1442,904,538,5635,3119,2516
115,165,287,262,25,215,107,108,125,38,87,2654,2337,317,2409,2039,370
115,180,1423,1049,374,1611,1160,451,14174,10896,3278,22068,16750,5318,20098,11506,8592
115,195,54,32,22,53,31,22,554,126,428,555,126,429,33,17,16
115,211,389,191,198,392,192,200,32,4,28,34,5,29,29,7,22
115,217,1552,1136,416,1959,1403,556,5832,3791,2041,20328,14384,5944,16945,11694,5251
115,18,18,18,0,17,17,0,3,3,0,3,3,0,4,4,0
115,31,57,43,14,56,42,14,117,92,25,96,75,21,78,46,32
115,56,25,21,4,25,22,3,120,96,24,101,82,19,28,18,10
115,95,34,27,7,35,28,7,55,42,13,55,43,12,24,10,14
115,162,68,56,12,58,48,10,22,18,4,34,27,7,14,10,4
115,169,336,282,54,303,246,57,87,57,30,37,36,1,891,724,167
115,170,521,49,472,503,9,494,165,146,19,185,167,18,19,15,4
115,187,22,20,2,32,28,4,9,7,2,9,8,1,19,16,3
115,216,70,62,8,43,38,5,175,165,10,85,80,5,5,5,0
115,59,2319,1073,1246,2319,1073,1246,175,86,89,174,86,88,316,148,168
115,73,54,35,19,53,34,19,133,80,53,132,79,53,159,78,81
115,96,3,2,1,2,1,1,6,4,2,6,4,2,3,2,1
115,101,45,25,20,83,48,35,9,5,4,25,19,6,3,1,2
115,114,19,8,11,18,8,10,4,4,0,4,3,1,8,7,1
115,120,15,13,2,29,26,3,21,19,2,31,30,1,8,8,0
115,153,407,224,183,192,72,120,224,102,122,267,140,127,182,100,82
115,199,2940,1577,1363,1353,691,662,1403,759,644,2675,1551,1124,2163,1336,827
115,218,618,277,341,776,357,419,2074,1244,830,3067,1864,1203,1881,998,883
115,52,0,0,0,0,0,0,33,25,8,32,25,7,0,0,0
115,83,1817,1138,679,1751,1124,627,55,54,1,55,53,2,79,62,17
115,104,2489,1765,724,2490,1766,724,1468,1004,464,1468,1004,464,93,46,47
115,127,6,3,3,8,4,4,10,6,4,18,12,6,15,12,3
115,163,19,10,9,22,12,10,9,8,1,2,0,2,6,2,4
115,182,30,17,13,13,7,6,0,0,0,1,1,0,2,1,1
115,188,4,2,2,6,3,3,13,9,4,7,6,1,1,0,1
115,193,200,142,58,838,623,215,276,109,167,529,307,222,216,85,131
115,12,130,85,45,130,86,44,150,78,72,150,79,71,266,162,104
115,19,268,205,63,304,227,77,322,197,125,553,329,224,778,538,240
115,74,1248,456,792,1247,455,792,1014,414,600,1492,655,837,3562,1947,1615
115,80,2986,489,2497,2985,489,2496,13611,8871,4740,13610,8870,4740,2650,1585,1065
115,121,3,1,2,1,1,0,4,0,4,3,0,3,13,7,6
115,145,581,331,250,659,373,286,349,159,190,116,56,60,88,23,65
115,200,345,196,149,361,210,151,473,239,234,565,149,416,921,734,187
115,7,0,0,0,1,0,1,4,2,2,3,2,1,3,1,2
115,25,339,206,133,340,206,134,65,40,25,999,597,402,7,6,1
115,29,2,1,1,2,2,0,3,2,1,2,2,0,2,1,1
115,53,29,18,11,30,18,12,0,0,0,6,3,3,6,3,3
115,61,4,3,1,3,2,1,4,4,0,6,5,1,5,4,1
115,62,80,43,37,79,43,36,365,219,146,369,221,148,8,5,3
115,86,41,18,23,40,18,22,22,9,13,21,9,12,9,3,6
115,164,1,1,0,3,1,2,9,4,5,12,7,5,2,1,1
115,174,1,1,0,3,1,2,0,0,0,1,1,0,0,0,0
115,186,0,0,0,0,0,0,154,93,61,154,93,61,13,8,5
115,20,2,1,1,1,1,0,4,2,2,4,3,1,7,5,2
115,50,24,13,11,6,5,1,24,17,7,43,29,14,3,2,1
115,88,6,2,4,6,1,5,4,4,0,5,4,1,3,3,0
115,133,43,24,19,113,66,47,436,219,217,289,137,152,7,6,1
115,157,21,13,8,41,25,16,42,18,24,62,32,30,78,46,32
115,8,839,418,421,839,418,421,391,217,174,391,216,175,3,1,2
115,24,8,7,1,8,7,1,8,5,3,8,4,4,5,4,1
115,28,929,487,442,930,487,443,1847,1012,835,2052,1147,905,2497,1582,915
115,42,9,2,7,11,3,8,38,15,23,38,15,23,79,42,37
115,46,29,18,11,29,17,12,47,27,20,122,88,34,78,55,23
115,63,18,11,7,18,12,6,33,23,10,88,55,33,138,88,50
115,160,6,4,2,8,5,3,9,5,4,5,4,1,5,4,1
115,225,422,361,61,461,380,81,249,229,20,254,229,25,355,180,175
115,37,7025,3269,3756,8437,3960,4477,4399,4176,223,8740,6490,2250,9522,5076,4446
115,220,7844,4557,3287,11697,6792,4905,5715,3377,2338,7083,2981,4102,4629,2349,2280
115,11,1933,1458,475,875,629,246,5860,3230,2630,4770,2630,2140,6626,2937,3689
115,68,0,0,0,0,0,0,0,0,0,10,10,0,1,1,0
115,54,0,0,0,0,0,0,0,0,0,232,153,79,20,14,6
116,140,1651,811,840,1083,432,651,630,121,509,653,228,425,292,93,199
116,219,27,19,8,7,4,3,21,17,4,6,5,1,57,24,33
116,27,311,182,129,396,226,170,617,324,293,623,328,295,806,415,391
116,142,9,4,5,11,5,6,35,17,18,5,2,3,11,5,6
116,191,56122,52491,3631,37349,28179,9170,22049,10955,11094,79826,43371,36455,136848,75347,61501
116,198,182,119,63,72,26,46,42,3,39,43,6,37,25,1,24
116,56,1,1,0,1,1,0,0,0,0,1,1,0,0,0,0
116,95,2,1,1,2,2,0,1,1,0,1,1,0,2,2,0
116,59,5,1,4,4,0,4,2,1,1,2,2,0,5,0,5
116,73,0,0,0,0,0,0,0,0,0,0,0,0,0,0,0
116,101,13,5,8,25,12,13,4,2,2,7,5,2,1,0,1
116,199,3,1,2,2,0,2,1,1,0,6,6,0,30,14,16
116,218,135,51,84,140,53,87,197,77,120,241,98,143,93,32,61
116,83,1,1,0,0,0,0,1,0,1,1,0,1,0,0,0
116,104,3,2,1,3,2,1,13,6,7,12,6,6,0,0,0
116,12,0,0,0,0,0,0,1,0,1,0,0,0,0,0,0
116,19,0,0,0,0,0,0,1,0,1,4,0,4,1,0,1
116,74,0,0,0,0,0,0,50,27,23,15,6,9,4,2,2
116,145,19,10,9,23,10,13,6,1,5,15,10,5,30,28,2
116,200,14,7,7,12,6,6,8,1,7,11,0,11,12,8,4
116,24,2,2,0,3,2,1,0,0,0,1,0,1,0,0,0
116,42,0,0,0,1,0,1,1,0,1,2,1,1,5,1,4
116,37,7,3,4,10,5,5,5,2,3,7,1,6,12,5,7
116,11,11,2,9,12,4,8,30,0,30,80,50,30,33,15,18
117,64,16,10,6,13,7,6,7,5,2,3,1,2,8,2,6
117,191,116,24,92,59,59,0,121,14,107,146,59,87,88,35,53
117,198,3,2,1,13,6,7,11,6,5,11,6,5,6,1,5
117,51,19986,8800,11186,16232,7207,9025,19209,8527,10682,21169,9407,11762,3039,1339,1700
117,78,133,70,63,113,63,50,795,420,375,115,62,53,115,60,55
117,81,4714,2542,2172,1454,784,670,37375,20151,17224,27099,14610,12489,4329,2489,1840
117,89,106884,52520,54364,311434,153293,158141,39483,22602,16881,69291,31181,38110,3339,1527,1812
117,90,1499,898,601,1499,897,602,30,18,12,31,18,13,51,29,22
117,126,26,13,13,50,24,26,1730,842,888,1755,852,903,319,151,168
117,150,108,33,75,427,208,219,2743,1499,1244,4661,2546,2115,4779,2595,2184
117,184,114591,60961,53630,4912,2691,2221,53324,26635,26689,51628,25832,25796,5973,2994,2979
117,206,10,5,5,11,6,5,12,6,6,36,20,16,18,9,9
117,203,0,0,0,1,0,1,1,0,1,1,1,0,1,0,1
117,31,1,0,1,1,1,0,1,0,1,1,1,0,0,0,0
117,56,1,0,1,1,0,1,3,3,0,2,2,0,3,2,1
117,95,11,7,4,11,8,3,5,4,1,5,4,1,16,7,9
117,59,28,19,9,28,19,9,24,5,19,24,5,19,20,7,13
117,73,15,13,2,15,13,2,37,22,15,37,22,15,28,13,15
117,96,0,0,0,0,0,0,0,0,0,0,0,0,3,2,1
117,101,36,19,17,68,40,28,6,3,3,20,15,5,2,0,2
117,153,5,4,1,5,3,2,784,371,413,43,28,15,38,21,17
117,199,82,38,44,38,16,22,179,95,84,136,59,77,90,62,28
117,218,645,353,292,660,360,300,852,487,365,1046,606,440,422,219,203
117,83,7,4,3,7,4,3,6,3,3,5,3,2,1,1,0
117,104,104,51,53,104,52,52,897,775,122,897,775,122,12,6,6
117,163,10,9,1,12,9,3,5,2,3,4,2,2,3,2,1
117,193,250,200,50,625,494,131,274,257,17,341,271,70,95,89,6
117,12,20,17,3,19,17,2,23,19,4,22,18,4,40,33,7
117,19,1,1,0,6,4,2,91,54,37,92,38,54,225,148,77
117,74,26,10,16,26,11,15,210,152,58,81,68,13,59,34,25
117,80,547,386,161,547,386,161,754,680,74,754,680,74,66,44,22
117,145,463,320,143,512,352,160,413,206,207,298,296,2,133,107,26
117,200,14,6,8,17,8,9,33,14,19,40,3,37,65,49,16
117,24,0,0,0,0,0,0,1,1,0,0,0,0,0,0,0
117,42,3,2,1,2,2,0,1,0,1,1,0,1,2,1,1
117,37,272,131,141,282,136,146,693,389,304,775,434,341,252,134,118
117,220,13281,6438,6843,14293,6963,7330,15109,7425,7684,15773,7029,8744,5497,2502,2995
117,11,20,17,3,17,14,3,1270,610,660,1560,710,850,446,220,226
117,36,0,0,0,0,0,0,4281,2045,2236,874,338,536,483,310,173
117,28,0,0,0,0,0,0,0,0,0,34,19,15,7,4,3
118,192,0,0,0,0,0,0,0,0,0,177,99,78,24,13,11
118,40,95,50,45,95,51,44,396,289,107,164,68,96,253,130,123
118,2,172,72,100,171,72,99,951,519,432,950,518,432,44,24,20
118,64,240,115,125,493,253,240,699,501,198,346,119,227,877,155,722
118,139,66,40,26,40,14,26,20,5,15,95,46,49,304,150,154
118,196,51,27,24,53,28,25,184,96,88,975,501,474,144,74,70
118,210,13,2,11,576,299,277,66,25,41,5337,2751,2586,2085,1089,996
118,142,3,1,2,1,0,1,11,6,5,2,1,1,3,1,2
118,191,60,43,17,30,22,8,13,11,2,48,38,10,35,29,6
118,51,28,5,23,871,518,353,565,332,233,431,253,178,135,79,56
118,130,14,11,3,14,9,5,5,3,2,3,2,1,2,1,1
118,149,23,10,13,26,11,15,5,4,1,5,4,1,2,2,0
118,98,4690,2128,2562,4690,2128,2562,1319,589,730,1116,620,496,156,101,55
118,161,1,1,0,11,6,5,0,0,0,3,1,2,1,0,1
118,194,4,4,0,5,3,2,10,5,5,21,13,8,1,1,0
118,55,24,13,11,23,12,11,48,27,21,92,54,38,10,6,4
118,103,677,111,566,434,303,131,1446,805,641,1229,725,504,525,191,334
118,107,423,249,174,421,251,170,525,389,136,488,352,136,1167,835,332
118,115,191,102,89,191,102,89,116,54,62,117,55,62,60,54,6
118,211,1055,595,460,1063,597,466,87,21,66,89,20,69,57,6,51
118,31,33,16,17,32,15,17,48,26,22,42,22,20,17,9,8
118,56,12,9,3,12,9,3,53,41,12,45,37,8,43,34,9
118,95,57,4,53,58,4,54,52,34,18,51,34,17,103,46,57
118,162,64,41,23,53,34,19,38,13,25,29,8,21,9,5,4
118,170,29,9,20,27,2,25,35,12,23,40,15,25,6,3,3
118,187,11,9,2,17,12,5,5,4,1,5,4,1,10,7,3
118,59,50,31,19,49,31,18,24,15,9,24,15,9,28,12,16
118,73,16,7,9,16,7,9,45,30,15,44,29,15,82,51,31
118,96,0,0,0,0,0,0,1,1,0,1,1,0,2,0,2
118,101,149,83,66,278,163,115,26,14,12,83,63,20,9,3,6
118,114,0,0,0,1,0,1,1,1,0,2,1,1,1,0,1
118,153,7,5,2,16,4,12,127,95,32,90,50,40,244,128,116
118,199,55,35,20,26,15,11,251,192,59,739,584,155,847,569,278
118,218,1120,645,475,1248,709,539,2972,1648,1324,3934,2244,1690,1942,1002,940
118,52,0,0,0,0,0,0,75,39,36,74,38,36,1,0,1
118,83,275,250,25,261,246,15,34,29,5,34,29,5,24,19,5
118,104,1039,637,402,1040,638,402,16423,8081,8342,16422,8080,8342,666,330,336
118,127,74,43,31,136,123,13,110,108,2,29,10,19,189,144,45
118,163,3,3,0,5,3,2,9,8,1,6,5,1,3,2,1
118,182,246,145,101,105,58,47,5,5,0,8,5,3,9,5,4
118,188,8,5,3,10,5,5,7,4,3,16,7,9,11,2,9
118,193,40,26,14,1310,870,440,741,494,247,62,33,29,217,112,105
118,12,33,22,11,32,21,11,37,19,18,37,19,18,66,39,27
118,19,0,0,0,3,2,1,35,22,13,58,42,16,70,68,2
118,74,44,13,31,43,12,31,359,241,118,373,121,252,178,88,90
118,80,630,391,239,630,392,238,812,360,452,812,361,451,149,89,60
118,145,94,58,36,106,65,41,189,145,44,109,79,30,211,146,65
118,200,47,29,18,51,32,19,92,42,50,110,21,89,163,124,39
118,50,4,2,2,0,0,0,3,2,1,6,4,2,0,0,0
118,157,4,3,1,7,5,2,6,5,1,7,7,0,5,3,2
118,8,3,2,1,3,1,2,28,16,12,28,16,12,0,0,0
118,24,2,1,1,1,1,0,3,2,1,1,1,0,0,0,0
118,42,5,4,1,4,3,1,4,2,2,5,2,3,10,7,3
118,225,14,6,8,9,3,6,9,2,7,12,3,9,5,2,3
118,37,937,451,486,973,468,505,1480,899,581,1717,1028,689,668,366,302
118,220,569,297,272,758,396,362,709,368,341,784,333,451,1867,905,962
118,11,122,67,55,40,24,16,140,60,80,840,490,350,681,355,326
118,68,0,0,0,0,0,0,0,0,0,4,2,2,0,0,0
118,28,0,0,0,0,0,0,0,0,0,95,50,45,19,10,9
119,31,1,1,0,0,0,0,1,0,1,0,0,0,1,1,0
119,56,0,0,0,0,0,0,1,1,0,0,0,0,0,0,0
119,95,3,1,2,2,1,1,1,0,1,1,0,1,5,1,4
119,59,1,0,1,0,0,0,5,1,4,5,1,4,4,2,2
119,73,0,0,0,0,0,0,0,0,0,0,0,0,0,0,0
119,101,1,1,0,2,1,1,0,0,0,1,1,0,0,0,0
119,114,0,0,0,0,0,0,0,0,0,0,0,0,0,0,0
119,153,3,0,3,0,0,0,4,1,3,22,9,13,5,1,4
119,218,9,0,9,11,1,10,3,1,2,3,2,1,2,0,2
119,83,3,1,2,3,2,1,2,0,2,2,0,2,0,0,0
119,104,18,7,11,17,6,11,47,25,22,47,26,21,2,1,1
119,163,1,1,0,2,1,1,97,96,1,80,80,0,17,16,1
119,193,20,6,14,55,22,33,46,18,28,29,24,5,11,6,5
119,12,27,13,14,26,12,14,31,8,23,31,9,22,55,23,32
119,19,0,0,0,0,0,0,5,1,4,6,4,2,5,5,0
119,74,3,0,3,3,1,2,77,38,39,6,5,1,2,1,1
119,80,64,21,43,64,22,42,67,30,37,67,30,37,10,4,6
119,200,542,183,359,533,176,357,184,31,153,337,58,279,371,242,129
119,50,1,1,0,1,1,0,1,1,0,2,2,0,0,0,0
119,8,4,2,2,4,1,3,42,27,15,42,27,15,0,0,0
119,24,0,0,0,1,0,1,0,0,0,1,1,0,0,0,0
119,42,0,0,0,1,0,1,0,0,0,0,0,0,3,2,1
119,37,10,5,5,11,5,6,28,14,14,27,13,14,0,0,0
119,11,8,6,2,8,7,1,0,0,0,20,10,10,11,10,1
119,68,0,0,0,0,0,0,0,0,0,1,1,0,0,0,0
119,28,0,0,0,0,0,0,0,0,0,16,16,0,3,3,0
120,191,35,13,22,10,4,6,32,12,20,120,51,69,112,49,63
120,108,562,393,169,563,393,170,451,280,171,451,280,171,262,174,88
120,112,886,369,517,975,407,568,851,380,471,909,404,505,352,155,197
120,55,10,1,9,9,1,8,20,4,16,37,7,30,4,1,3
120,79,466,211,255,467,212,255,164,74,90,149,67,82,175,76,99
120,103,1094,612,482,1794,853,941,3521,1617,1904,3434,1587,1847,118,39,79
120,211,89,34,55,91,35,56,7,0,7,9,1,8,9,3,6
120,18,3160,1665,1495,3159,1665,1494,713,191,522,714,191,523,773,208,565
120,31,21,3,18,20,2,18,28,5,23,25,4,21,35,13,22
120,56,20,9,11,20,9,11,204,95,109,181,92,89,145,62,83
120,95,29,11,18,28,10,18,23,11,12,23,11,12,27,14,13
120,162,16367,7652,8715,13999,6431,7568,16301,7378,8923,14215,6851,7364,1875,274,1601
120,169,0,0,0,0,0,0,0,0,0,0,0,0,33,18,15
120,170,2990,1973,1017,1009,443,566,7196,4782,2414,8813,5546,3267,1331,437,894
120,187,33,12,21,45,15,30,11,4,7,12,5,7,24,11,13
120,216,1801,1478,323,1777,1628,149,2409,1185,1224,1170,568,602,81,58,23
120,59,466,178,288,465,178,287,2209,1108,1101,2209,1109,1100,3549,1857,1692
120,68,556,366,190,556,365,191,31,25,6,48,36,12,143,61,82
120,73,68,27,41,67,27,40,255,102,153,255,103,152,565,234,331
120,96,16,9,7,16,10,6,721,406,315,721,407,314,203,94,109
120,101,5512,2608,2904,9226,4658,4568,13298,7421,5877,8477,3130,5347,813,153,660
120,114,5187,1777,3410,5185,1775,3410,3519,1503,2016,4139,1971,2168,3262,1435,1827
120,153,67,17,50,199,33,166,1051,360,691,8544,5361,3183,26072,15503,10569
120,199,115,45,70,54,19,35,1530,593,937,4420,2356,2064,3991,2192,1799
120,218,1493,621,872,1539,643,896,47787,21777,26010,52021,23991,28030,12839,5056,7783
120,52,9,2,7,8,1,7,5,1,4,4,1,3,0,0,0
120,83,65,63,2,67,64,3,195,24,171,195,24,171,30,21,9
120,104,282,20,262,282,20,262,2533,655,1878,2532,654,1878,153,76,77
120,127,1,0,1,6,3,3,8,3,5,24,3,21,10,4,6
120,163,44,34,10,49,37,12,116,18,98,79,2,77,31,2,29
120,182,18,5,13,8,1,7,0,0,0,0,0,0,1,0,1
120,188,1,1,0,3,1,2,3,1,2,28,14,14,21,11,10
120,193,67,32,35,113,54,59,11178,5752,5426,7136,3652,3484,1694,1602,92
120,12,64,27,37,64,28,36,74,16,58,74,16,58,132,48,84
120,19,0,0,0,4,1,3,493,170,323,807,310,497,1027,404,623
120,74,50,6,44,50,7,43,401,116,285,371,174,197,198,75,123
120,80,7065,2064,5001,7065,2064,5001,15830,5801,10029,15830,5801,10029,1660,569,1091
120,121,1,0,1,0,0,0,189,64,125,192,65,127,207,74,133
120,145,81,14,67,89,14,75,586,165,421,1114,422,692,2391,1105,1286
120,200,165,61,104,167,61,106,170,38,132,213,12,201,188,114,74
120,50,2,1,1,1,0,1,2,1,1,4,2,2,0,0,0
120,133,9,2,7,14,3,11,26,9,17,17,7,10,22,13,9
120,157,5,4,1,8,5,3,4,4,0,7,6,1,7,6,1
120,8,580,197,383,579,195,384,215,73,142,215,72,143,1,0,1
120,24,3,1,2,3,1,2,1,0,1,1,0,1,1,0,1
120,42,9,5,4,10,6,4,3,0,3,5,1,4,7,3,4
120,46,1,1,0,1,0,1,2,0,2,5,3,2,3,2,1
120,225,2,1,1,2,1,1,6,3,3,7,3,4,8,3,5
120,37,32,2,30,186,75,111,917,432,485,560,251,309,632,306,326
120,220,1211,414,797,322,139,183,3504,1612,1892,3898,1360,2538,830,294,536
120,11,171,73,98,983,609,374,540,380,160,230,220,10,328,99,229
120,70,0,0,0,0,0,0,11,3,8,3,3,0,3,2,1
120,28,0,0,0,0,0,0,0,0,0,626,146,480,128,30,98
121,142,3,1,2,3,2,1,13,6,7,2,1,1,4,1,3
121,191,3,1,2,3,1,2,1,0,1,9,3,6,6,2,4
121,34,3,1,2,2,1,1,3,1,2,3,1,2,0,0,0
121,55,1,0,1,1,0,1,2,0,2,5,1,4,1,1,0
121,211,15,7,8,16,6,10,1,0,1,1,0,1,0,0,0
121,31,1,0,1,1,1,0,2,1,1,2,2,0,41,21,20
121,56,2,1,1,2,1,1,5,4,1,4,3,1,4,4,0
121,95,45,24,21,45,24,21,22,13,9,22,13,9,33,18,15
121,162,26,13,13,21,10,11,51,13,38,58,15,43,8,1,7
121,170,7,3,4,4,0,4,26,13,13,26,14,12,1,0,1
121,187,6,2,4,12,5,7,4,2,2,4,2,2,10,5,5
121,59,81,44,37,81,45,36,108,50,58,108,50,58,61,34,27
121,73,4,3,1,4,4,0,26,10,16,26,11,15,39,15,24
121,96,11,6,5,11,6,5,19,8,11,18,7,11,32,16,16
121,101,17,7,10,37,16,21,50,33,17,30,16,14,3,1,2
121,114,0,0,0,0,0,0,6,4,2,6,4,2,3,2,1
121,153,13,11,2,22,14,8,16,9,7,18,11,7,12,10,2
121,199,17,7,10,9,4,5,37,18,19,81,50,31,76,28,48
121,218,235,131,104,251,136,115,283,125,158,402,188,214,230,94,136
121,52,7,2,5,6,2,4,9,4,5,9,4,5,0,0,0
121,83,25,5,20,23,6,17,22,12,10,22,12,10,5,4,1
121,104,150,26,124,151,26,125,2085,969,1116,2085,970,1115,93,46,47
121,163,856,407,449,952,459,493,390,200,190,220,97,123,338,88,250
121,182,59,37,22,26,15,11,1,1,0,2,2,0,3,2,1
121,188,4,2,2,3,2,1,5,2,3,27,16,11,12,2,10
121,193,125,70,55,462,240,222,67,49,18,220,125,95,27,19,8
121,12,54,32,22,54,33,21,62,27,35,62,28,34,111,62,49
121,19,155,92,63,283,158,125,93,60,33,256,80,176,467,219,248
121,74,259,31,228,259,32,227,3528,1877,1651,1117,632,485,973,362,611
121,80,318,81,237,318,81,237,7231,3442,3789,7230,3442,3788,698,341,357
121,119,1,0,1,1,1,0,1,1,0,2,1,1,1,0,1
121,145,188,81,107,209,89,120,75,39,36,129,59,70,139,67,72
121,200,170,123,47,177,128,49,200,68,132,240,2,238,359,251,108
121,50,1,1,0,3,1,2,4,1,3,8,2,6,1,0,1
121,8,5,0,5,7,1,6,53,13,40,54,13,41,0,0,0
121,24,3,0,3,3,1,2,3,1,2,2,0,2,1,1,0
121,42,4,1,3,3,1,2,3,1,2,3,0,3,6,3,3
121,46,0,0,0,1,1,0,1,0,1,2,1,1,1,0,1
121,160,1,1,0,2,1,1,2,1,1,1,1,0,1,1,0
121,37,19,10,9,7,5,2,37,20,17,7,5,2,57,27,30
121,220,14,10,4,91,55,36,250,131,119,281,118,163,274,138,136
121,11,26,10,16,19,7,12,0,0,0,70,40,30,34,17,17
121,68,0,0,0,0,0,0,0,0,0,14,7,7,1,1,0
121,137,0,0,0,0,0,0,0,0,0,96,36,60,4,2,2
121,28,0,0,0,0,0,0,0,0,0,53,39,14,11,8,3
122,47,109,78,31,106,78,28,453,163,290,453,167,286,74,18,56
122,131,186,152,34,321,235,86,673,282,391,743,347,396,298,209,89
122,132,975,546,429,1608,736,872,1086,519,567,475,172,303,541,118,423
122,168,3879,1768,2111,4213,1907,2306,2787,1301,1486,1992,909,1083,553,221,332
122,183,245,18,227,246,18,228,435,265,170,434,265,169,88,85,3
122,64,12,11,1,10,9,1,6,6,0,3,3,0,7,6,1
122,27,61,35,26,77,45,32,121,69,52,123,70,53,158,89,69
122,191,159,30,129,84,12,72,34,12,22,128,54,74,120,52,68
122,55,1,0,1,1,1,0,2,1,1,4,2,2,0,0,0
122,31,1,1,0,0,0,0,1,1,0,0,0,0,0,0,0
122,56,3,2,1,3,2,1,8,5,3,7,4,3,0,0,0
122,95,7,1,6,7,1,6,5,2,3,5,2,3,5,2,3
122,170,11,3,8,11,1,10,23,8,15,25,11,14,2,2,0
122,59,4,1,3,4,1,3,16,4,12,16,4,12,6,2,4
122,73,2,1,1,1,0,1,5,1,4,4,1,3,5,3,2
122,96,1,1,0,0,0,0,1,0,1,0,0,0,1,0,1
122,101,4,1,3,8,3,5,0,0,0,2,1,1,0,0,0
122,114,0,0,0,0,0,0,1,1,0,0,0,0,0,0,0
122,153,28,5,23,6,2,4,52,16,36,21,10,11,30,12,18
122,199,11,3,8,5,1,4,8,3,5,8,7,1,25,5,20
122,218,323,105,218,332,107,225,82,17,65,151,44,107,123,31,92
122,83,38,14,24,39,14,25,3,3,0,4,4,0,5,4,1
122,104,452,58,394,452,59,393,643,270,373,642,269,373,60,30,30
122,163,12,8,4,13,7,6,4,3,1,8,5,3,3,1,2
122,193,21,7,14,674,245,429,381,140,241,30,3,27,79,26,53
122,12,5,1,4,5,2,3,6,1,5,6,1,5,11,3,8
122,19,0,0,0,8,2,6,92,18,74,94,18,76,116,53,63
122,74,1253,122,1131,1252,122,1130,65313,29102,36211,10443,2847,7596,9093,3229,5864
122,80,108,10,98,108,11,97,447,110,337,447,111,336,53,16,37
122,145,32,13,19,37,13,24,21,2,19,14,9,5,12,10,2
122,200,164,87,77,168,89,79,139,17,122,260,47,213,263,169,94
122,50,0,0,0,0,0,0,1,0,1,2,0,2,0,0,0
122,8,0,0,0,2,1,1,5,1,4,4,0,4,0,0,0
122,24,2,0,2,3,1,2,2,1,1,3,1,2,1,1,0
122,42,2,1,1,2,1,1,1,0,1,2,1,1,6,2,4
122,37,358,170,188,394,188,206,703,315,388,862,395,467,411,192,219
122,11,16,6,10,7,1,6,60,20,40,20,10,10,76,47,29
122,68,0,0,0,0,0,0,0,0,0,1,0,1,0,0,0
122,28,0,0,0,0,0,0,0,0,0,35,4,31,7,1,6
123,67,114,62,52,115,62,53,208,128,80,208,127,81,13,11,2
123,140,17894,9592,8302,15698,8034,7664,19363,8363,11000,19540,9139,10401,2890,1133,1757
123,219,97,52,45,23,13,10,50,26,24,37,20,17,104,51,53
123,230,4691,2868,1823,5445,3300,2145,2728,1681,1047,3802,673,3129,2209,1058,1151
123,231,673,387,286,25044,14269,10775,9622,5493,4129,670,390,280,432,284,148
123,64,2,1,1,0,0,0,4,4,0,2,2,0,5,4,1
123,27,437,242,195,559,316,243,870,497,373,880,503,377,1137,639,498
123,116,7,4,3,8,5,3,0,0,0,0,0,0,0,0,0
123,142,24,11,13,36,19,17,102,55,47,14,7,7,31,15,16
123,191,3731,3269,462,8571,7010,1561,5059,3929,1130,18297,14591,3706,27611,22111,5500
123,55,1,0,1,1,1,0,2,1,1,4,2,2,0,0,0
123,56,2,1,1,2,1,1,4,2,2,5,2,3,2,2,0
123,170,3,0,3,2,0,2,10,5,5,11,6,5,1,0,1
123,59,5,0,5,4,0,4,17,11,6,16,10,6,9,3,6
123,73,0,0,0,0,0,0,6,3,3,6,4,2,18,11,7
123,96,1,1,0,0,0,0,1,0,1,1,1,0,2,1,1
123,101,26,13,13,48,26,22,6,3,3,14,10,4,2,1,1
123,114,0,0,0,0,0,0,1,0,1,0,0,0,0,0,0
123,153,5,5,0,9,5,4,43,22,21,42,16,26,20,9,11
123,199,6,3,3,3,1,2,14,5,9,25,8,17,5,4,1
123,218,636,220,416,824,301,523,1442,527,915,2532,1121,1411,1963,812,1151
123,104,21,8,13,20,8,12,61,30,31,61,31,30,4,2,2
123,163,64,25,39,70,27,43,133,52,81,81,33,48,40,5,35
123,193,3,2,1,66,35,31,37,20,17,8,1,7,22,12,10
123,12,3,2,1,3,2,1,3,1,2,3,1,2,5,2,3
123,19,0,0,0,1,1,0,12,6,6,3,1,2,11,4,7
123,74,3,1,2,2,0,2,51,28,23,34,21,13,8,4,4
123,145,51,25,26,57,27,30,35,14,21,28,19,9,12,10,2
123,200,16,11,5,18,12,6,7,0,7,17,4,13,16,12,4
123,24,3,1,2,2,1,1,3,1,2,2,1,1,1,0,1
123,42,1,1,0,0,0,0,0,0,0,1,0,1,1,1,0
123,37,45,21,24,53,25,28,138,117,21,170,136,34,82,52,30
123,11,108,47,61,82,34,48,200,90,110,250,140,110,266,153,113
123,28,0,0,0,0,0,0,0,0,0,9,9,0,2,2,0
124,131,5,1,4,16,5,11,0,0,0,4,2,2,8,6,2
124,2,387,229,158,387,228,159,359,250,109,358,250,108,17,12,5
124,64,277,153,124,105,42,63,393,310,83,195,100,95,493,190,303
124,118,629,45,584,671,74,597,852,723,129,604,503,101,895,705,190
124,191,371,18,353,221,22,199,74,13,61,269,64,205,207,53,154
124,43,610,344,266,611,345,266,505,480,25,506,481,25,803,617,186
124,44,1188,575,613,1187,574,613,1157,249,908,1191,266,925,664,174,490
124,57,11,5,6,11,6,5,15,8,7,14,8,6,18,10,8
124,106,744,219,525,2959,1270,1689,498,281,217,475,168,307,352,188,164
124,166,98,56,42,145,85,60,291,165,126,523,282,241,492,256,236
124,30,2476,1534,942,2476,1534,942,1009,683,326,1009,682,327,1009,682,327
124,35,130,100,30,129,100,29,74,55,19,74,56,18,19,14,5
124,98,1829,1050,779,1829,1050,779,89,38,51,208,38,170,156,101,55
124,161,3,1,2,70,34,36,220,116,104,245,123,122,12,7,5
124,185,236782,94697,142085,278580,107964,170616,107903,55847,52056,153490,74523,78967,151827,70367,81460
124,203,123,82,41,120,78,42,81,72,9,17,5,12,25,23,2
124,205,11,5,6,14,7,7,10,9,1,30,13,17,3,1,2
124,226,20,16,4,46,38,8,11,10,1,16,12,4,22,18,4
124,16,33730,28762,4968,33730,28762,4968,30443,26485,3958,30442,26485,3957,12683,11233,1450
124,97,2455,496,1959,2456,497,1959,1157,336,821,1158,336,822,463,134,329
124,125,7,1,6,7,6,1,4,3,1,18,16,2,18,17,1
124,194,106,82,24,107,51,56,218,35,183,448,184,264,16,11,5
124,55,5,1,4,4,1,3,10,4,6,18,6,12,2,1,1
124,107,319,169,150,319,167,152,152,109,43,142,98,44,340,233,107
124,211,91,50,41,92,49,43,7,2,5,7,1,6,5,1,4
124,31,1,1,0,0,0,0,1,0,1,0,0,0,1,1,0
124,56,2,2,0,2,2,0,172,78,94,157,76,81,76,20,56
124,95,40,18,22,39,17,22,19,10,9,19,10,9,17,5,12
124,162,2,1,1,1,1,0,16,6,10,18,6,12,2,0,2
124,170,50,13,37,49,3,46,528,302,226,509,291,218,29,14,15
124,59,53,20,33,53,21,32,151,61,90,150,61,89,152,68,84
124,73,23,11,12,23,12,11,101,39,62,100,38,62,133,44,89
124,96,2,1,1,2,2,0,10,4,6,10,5,5,8,1,7
124,101,758,359,399,1268,640,628,1233,700,533,668,198,470,88,16,72
124,114,3,2,1,4,3,1,5,3,2,5,4,1,1,0,1
124,153,48,10,38,74,37,37,65,18,47,226,97,129,224,97,127
124,199,141,69,72,65,30,35,191,56,135,232,85,147,177,65,112
124,218,2358,705,1653,3118,980,2138,7094,3006,4088,11598,5270,6328,8260,3061,5199
124,83,8,6,2,8,6,2,9,4,5,8,3,5,3,2,1
124,104,136,45,91,136,46,90,137,71,66,137,72,65,12,6,6
124,127,3,1,2,5,2,3,5,1,4,8,4,4,9,5,4
124,163,13,5,8,14,5,9,6,3,3,2,1,1,5,1,4
124,193,21,9,12,690,340,350,390,193,197,153,62,91,87,27,60
124,12,34,19,15,34,19,15,39,14,25,39,14,25,71,36,35
124,19,0,0,0,6,2,4,101,42,59,76,26,50,109,45,64
124,74,61,8,53,61,8,53,239,170,69,204,60,144,192,74,118
124,80,400,68,332,399,67,332,1260,522,738,1260,523,737,205,93,112
124,121,2,0,2,1,1,0,4,1,3,2,0,2,8,4,4
124,145,271,114,157,354,150,204,369,124,245,395,172,223,150,29,121
124,200,241,127,114,247,131,116,193,45,148,288,30,258,355,242,113
124,38,7,5,2,7,4,3,1,0,1,1,1,0,1,0,1
124,62,4,0,4,4,0,4,13,0,13,14,0,14,1,0,1
124,50,1,1,0,1,1,0,1,1,0,2,2,0,0,0,0
124,133,18,15,3,20,16,4,7,2,5,2,1,1,19,14,5
124,157,5,5,0,7,6,1,9,5,4,11,5,6,4,1,3
124,8,2,1,1,0,0,0,2,0,2,2,0,2,0,0,0
124,24,1,0,1,1,1,0,2,1,1,2,1,1,1,1,0
124,42,2,1,1,1,1,0,5,2,3,5,1,4,10,6,4
124,63,2,1,1,1,1,0,2,1,1,7,5,2,10,6,4
124,160,3,2,1,5,2,3,6,3,3,3,2,1,3,2,1
124,225,1,0,1,0,0,0,1,1,0,2,0,2,2,1,1
124,22,5,2,3,4,1,3,8,1,7,7,1,6,0,0,0
124,37,2698,1266,1432,3129,1477,1652,709,238,471,1525,394,1131,2708,1216,1492
124,220,6978,3880,3098,8647,4837,3810,4701,2666,2035,5365,2451,2914,5643,801,4842
124,11,8658,3446,5212,3877,1380,2497,16740,7270,9470,28500,13390,15110,27024,12363,14661
124,147,2908,1101,1807,418,72,346,2760,1332,1428,1664,794,870,1416,670,746
124,158,2,0,2,30,18,12,10,8,2,15,7,8,3,2,1
124,189,1,1,0,6,6,0,51,30,21,49,25,24,8,4,4
124,68,0,0,0,0,0,0,0,0,0,2,2,0,0,0,0
124,28,0,0,0,0,0,0,0,0,0,120,56,64,25,12,13
125,183,1,0,1,0,0,0,16,10,6,17,11,6,4,3,1
125,64,8,5,3,9,6,3,4,3,1,2,1,1,5,2,3
125,191,20,9,11,10,4,6,4,3,1,17,11,6,11,8,3
125,97,783,681,102,784,681,103,18,10,8,19,10,9,7,4,3
125,194,176,141,35,177,91,86,361,77,284,743,337,406,126,118,8
125,31,0,0,0,0,0,0,1,0,1,0,0,0,0,0,0
125,56,0,0,0,0,0,0,2,1,1,1,1,0,1,0,1
125,170,17,3,14,17,1,16,32,26,6,32,26,6,0,0,0
125,59,0,0,0,1,1,0,3,1,2,2,0,2,2,0,2
125,73,0,0,0,0,0,0,0,0,0,0,0,0,2,1,1
125,101,1,0,1,3,1,2,0,0,0,1,0,1,0,0,0
125,199,1,1,0,1,0,1,6,5,1,5,3,2,9,5,4
125,218,80,37,43,83,38,45,73,41,32,96,53,43,43,20,23
125,83,2,1,1,2,2,0,0,0,0,1,1,0,0,0,0
125,104,5,4,1,5,4,1,12,10,2,11,10,1,0,0,0
125,12,1,0,1,0,0,0,1,1,0,1,1,0,1,1,0
125,19,0,0,0,0,0,0,2,1,1,1,1,0,2,2,0
125,74,0,0,0,0,0,0,4,1,3,2,0,2,0,0,0
125,200,7,6,1,8,5,3,6,5,1,6,4,2,9,8,1
125,50,0,0,0,0,0,0,0,0,0,0,0,0,0,0,0
125,42,0,0,0,0,0,0,0,0,0,0,0,0,1,1,0
125,37,5,3,2,5,2,3,5,2,3,5,3,2,0,0,0
125,11,33,12,21,27,9,18,130,30,100,150,90,60,118,62,56
125,28,0,0,0,0,0,0,0,0,0,9,0,9,2,0,2
126,192,0,0,0,0,0,0,0,0,0,198,114,84,11,8,3
126,230,14,10,4,12,9,3,11,9,2,40,14,26,64,26,38
126,39,71,41,30,35,22,13,108,58,50,4,2,2,44,25,19
126,48,4815,3361,1454,7358,4911,2447,6136,2990,3146,14805,9686,5119,8398,5276,3122
126,77,3324,2126,1198,5668,3628,2040,2468,1588,880,3975,2559,1416,3246,2052,1194
126,64,49,42,7,34,31,3,30,26,4,15,10,5,38,23,15
126,118,224,195,29,215,186,29,41,33,8,26,21,5,38,29,9
126,196,21,12,9,22,12,10,70,37,33,437,226,211,56,32,24
126,210,2,0,2,31,16,15,9,3,6,551,284,267,228,119,109
126,228,21,14,7,22,15,7,43,30,13,44,31,13,49,35,14
126,191,39,11,28,20,5,15,8,4,4,32,16,16,23,12,11
126,21,11,6,5,12,7,5,199,116,83,198,115,83,190,112,78
126,32,9155,3980,5175,4471,2097,2374,5142,2578,2564,4784,1876,2908,1913,791,1122
126,34,3,2,1,2,1,1,3,1,2,4,2,2,0,0,0
126,51,23160,11510,11650,50290,28185,22105,32336,17794,14542,20119,10978,9141,13128,7241,5887
126,78,1331,781,550,1777,1067,710,68,65,3,192,115,77,322,198,124
126,81,198,93,105,424,212,212,1627,1250,377,1456,1135,321,774,564,210
126,89,2378,2179,199,1495,714,781,15945,5870,10075,19583,7664,11919,6247,2861,3386
126,117,46,45,1,47,41,6,703,310,393,95,7,88,81,76,5
126,130,34850,20536,14314,34143,19413,14730,284,174,110,145,105,40,48945,28709,20236
126,149,33431,15240,18191,21513,11142,10371,780,355,425,697,314,383,40103,18982,21121
126,150,24673,13701,10972,26242,14393,11849,21496,11751,9745,36526,19950,16576,37452,20340,17112
126,181,1289,575,714,2533,622,1911,1871,1281,590,3247,2229,1018,895,503,392
126,184,55,52,3,53,50,3,42,35,7,14,13,1,6,6,0
126,206,499,283,216,661,375,286,975,258,717,3967,2414,1553,481,365,116
126,31,0,0,0,0,0,0,1,0,1,0,0,0,0,0,0
126,56,2,2,0,2,2,0,11,7,4,9,5,4,1,0,1
126,95,4,4,0,3,3,0,3,3,0,2,2,0,3,1,2
126,162,5,5,0,4,4,0,2,1,1,3,0,3,1,1,0
126,169,0,0,0,0,0,0,0,0,0,0,0,0,110,104,6
126,170,39,5,34,37,1,36,30,18,12,31,19,12,2,1,1
126,59,11,6,5,10,6,4,6,2,4,5,2,3,15,10,5
126,73,0,0,0,0,0,0,1,1,0,0,0,0,6,5,1
126,96,0,0,0,0,0,0,1,1,0,0,0,0,0,0,0
126,101,10,4,6,18,9,9,2,1,1,6,4,2,1,0,1
126,114,0,0,0,1,1,0,1,1,0,1,1,0,1,1,0
126,153,9,4,5,3,3,0,17,10,7,5,3,2,11,5,6
126,199,7,5,2,4,3,1,10,1,9,41,12,29,35,27,8
126,218,49,26,23,52,27,25,115,68,47,134,78,56,45,24,21
126,83,5,3,2,3,2,1,7,3,4,6,3,3,1,1,0
126,104,229,124,105,229,125,104,1838,1719,119,1837,1719,118,17,8,9
126,163,14,12,2,17,14,3,34,33,1,23,23,0,10,8,2
126,193,358,329,29,664,600,64,9758,9270,488,12550,11537,1013,7042,6476,566
126,12,7,5,2,7,6,1,9,6,3,8,6,2,14,11,3
126,19,0,0,0,5,3,2,84,44,40,106,68,38,269,191,78
126,74,1594,730,864,1594,731,863,4666,1300,3366,12696,7205,5491,5706,3324,2382
126,80,88,59,29,87,58,29,297,85,212,296,84,212,48,28,20
126,145,22,12,10,26,12,14,52,23,29,8,7,1,23,14,9
126,200,54,24,30,56,24,32,46,21,25,53,12,41,66,50,16
126,24,0,0,0,0,0,0,1,0,1,0,0,0,0,0,0
126,42,39,17,22,39,17,22,16,1,15,17,2,15,35,13,22
126,37,354,170,184,366,177,189,357,198,159,429,236,193,190,98,92
126,11,12,3,9,12,4,8,10,10,0,30,20,10,13,12,1
126,36,0,0,0,0,0,0,8251,5760,2491,1684,1086,598,650,457,193
126,28,0,0,0,0,0,0,0,0,0,6,6,0,1,1,0
127,191,30,6,24,9,3,6,27,7,20,102,32,70,77,26,51
127,55,4,2,2,3,2,1,7,4,3,13,8,5,2,1,1
127,211,14,5,9,16,5,11,1,0,1,1,0,1,2,1,1
127,31,8,4,4,7,4,3,10,6,4,8,5,3,21,9,12
127,56,1,1,0,1,1,0,7,4,3,6,4,2,4,4,0
127,95,13,6,7,12,6,6,6,3,3,6,3,3,23,12,11
127,170,41,13,28,20,3,17,289,134,155,295,137,158,2,2,0
127,187,5,4,1,8,5,3,2,1,1,2,2,0,4,2,2
127,59,5,3,2,5,3,2,21,15,6,21,16,5,1,1,0
127,73,5,3,2,5,4,1,7,4,3,7,4,3,13,5,8
127,96,1,0,1,0,0,0,2,1,1,1,1,0,1,1,0
127,101,58,26,32,103,51,52,115,60,55,65,15,50,8,1,7
127,114,0,0,0,1,1,0,3,3,0,4,3,1,2,1,1
127,153,6,4,2,11,9,2,5,2,3,11,4,7,33,14,19
127,199,13,7,6,6,2,4,17,8,9,26,16,10,38,20,18
127,218,976,470,506,477,271,206,1578,833,745,670,374,296,3488,1437,2051
127,83,65,46,19,63,47,16,5,4,1,4,4,0,4,3,1
127,104,440,42,398,440,42,398,396,178,218,395,177,218,50,25,25
127,163,7,5,2,9,5,4,10,2,8,8,1,7,4,0,4
127,182,35,18,17,15,7,8,0,0,0,1,1,0,2,1,1
127,193,24,13,11,76,36,40,49,21,28,117,71,46,49,16,33
127,12,8,4,4,8,4,4,9,3,6,8,3,5,15,7,8
127,19,1,0,1,9,4,5,78,37,41,183,92,91,139,57,82
127,74,30,5,25,29,5,24,497,241,256,35,8,27,37,15,22
127,80,49,8,41,49,9,40,192,93,99,191,93,98,25,11,14
127,121,1,0,1,0,0,0,81,48,33,84,49,35,95,58,37
127,145,49,18,31,55,19,36,50,15,35,38,24,14,50,31,19
127,200,37,19,18,38,18,20,23,5,18,38,5,33,44,30,14
127,62,4,1,3,3,0,3,8,1,7,8,0,8,1,0,1
127,8,0,0,0,0,0,0,1,1,0,1,0,1,0,0,0
127,24,4,3,1,2,2,0,1,1,0,3,2,1,1,1,0
127,42,4,2,2,3,1,2,3,2,1,3,1,2,6,2,4
127,160,1,1,0,3,3,0,3,2,1,1,1,0,1,1,0
127,37,310,173,137,84,61,23,1280,487,793,794,234,560,859,445,414
127,220,710,333,377,344,132,212,520,248,272,420,280,140,78,50,28
127,11,647,302,345,4830,2903,1927,1230,910,320,2710,1660,1050,544,161,383
127,28,0,0,0,0,0,0,0,0,0,27,27,0,6,6,0
128,31,0,0,0,0,0,0,1,1,0,0,0,0,0,0,0
128,56,0,0,0,0,0,0,0,0,0,0,0,0,0,0,0
128,59,0,0,0,1,1,0,0,0,0,0,0,0,0,0,0
128,101,0,0,0,0,0,0,0,0,0,0,0,0,0,0,0
128,83,1,1,0,1,1,0,0,0,0,0,0,0,0,0,0
128,104,3,1,2,3,1,2,1,1,0,2,1,1,0,0,0
128,37,17,8,9,18,9,9,21,10,11,19,9,10,0,0,0
128,220,2541,1267,1274,2691,1348,1343,314,142,172,240,169,71,717,344,373
128,11,8,6,2,8,6,2,0,0,0,10,10,0,22,0,22
128,87,81,45,36,81,46,35,11,10,1,9,9,0,2,1,1
128,134,14,1,13,18,13,5,8,6,2,4,2,2,2,1,1
128,152,4,2,2,11,0,11,17,9,8,43,18,25,6,3,3
129,55,0,0,0,0,0,0,0,0,0,0,0,0,0,0,0
129,59,4,2,2,4,2,2,0,0,0,0,0,0,0,0,0
129,7,0,0,0,1,0,1,1,1,0,0,0,0,0,0,0
129,25,96,48,48,97,48,49,12,6,6,181,81,100,3,3,0
129,61,17,12,5,13,9,4,19,14,5,22,15,7,20,14,6
129,62,6,1,5,5,1,4,17,1,16,16,0,16,2,1,1
129,86,1182,374,808,1182,375,807,469,199,270,468,198,270,342,97,245
129,174,69,39,30,100,57,43,60,35,25,23,14,9,25,14,11
129,186,0,0,0,0,0,0,36,17,19,36,17,19,3,2,1
129,50,1,1,0,1,1,0,1,1,0,2,2,0,0,0,0
129,42,0,0,0,0,0,0,1,0,1,1,0,1,2,1,1
129,75,201,12,189,200,12,188,286,161,125,287,161,126,1744,878,866
129,225,1,0,1,1,1,0,1,0,1,3,1,2,3,1,2
129,37,4,3,1,3,0,3,128,89,39,153,103,50,67,39,28
129,11,8,4,4,6,3,3,10,10,0,10,0,10,22,11,11
129,54,0,0,0,0,0,0,0,0,0,29,12,17,2,1,1
130,48,150,102,48,449,328,121,570,367,203,1375,1045,330,780,579,201
130,64,24,20,4,14,13,1,22,18,4,11,7,4,27,13,14
130,118,88,69,19,81,63,18,42,34,8,27,22,5,40,31,9
130,139,89,54,35,54,19,35,27,7,20,128,61,67,411,203,208
130,210,6,2,4,56,29,27,16,6,10,5,1,4,121,63,58
130,228,31,25,6,32,25,7,63,51,12,63,50,13,71,57,14
130,51,443,328,115,1258,979,279,817,632,185,539,416,123,295,228,67
130,78,469,391,78,626,526,100,24,24,0,68,57,11,113,95,18
130,81,0,0,0,1,1,0,4,3,1,3,3,0,2,1,1
130,89,58,55,3,36,22,14,392,208,184,481,263,218,153,92,61
130,90,102,54,48,102,54,48,18,7,11,18,7,11,32,14,18
130,126,6013,3778,2235,8532,3405,5127,6924,4280,2644,8947,5845,3102,2743,1646,1097
130,181,8986,4678,4308,38892,18581,20311,6216,3948,2268,3650,2195,1455,1400,749,651
130,184,4,4,0,4,4,0,3,2,1,1,1,0,1,1,0
130,206,8,3,5,9,4,5,10,4,6,34,19,15,16,7,9
130,100,28,9,19,32,21,11,49,37,12,8,5,3,17,9,8
130,107,9,6,3,10,7,3,37,32,5,35,30,5,82,70,12
130,31,1,1,0,0,0,0,1,1,0,0,0,0,0,0,0
130,56,0,0,0,0,0,0,2,2,0,1,1,0,2,2,0
130,95,3,1,2,3,0,3,1,1,0,1,1,0,2,2,0
130,59,11,6,5,11,6,5,4,1,3,2,0,2,3,2,1
130,73,0,0,0,0,0,0,4,4,0,4,4,0,13,12,1
130,101,2,1,1,5,3,2,0,0,0,1,0,1,0,0,0
130,153,4,4,0,5,2,3,4,1,3,9,6,3,39,37,2
130,199,3,3,0,2,1,1,6,6,0,18,12,6,20,17,3
130,218,12,7,5,14,8,6,84,50,34,94,56,38,26,16,10
130,83,1,1,0,1,1,0,58,56,2,58,57,1,3,3,0
130,104,170,123,47,169,122,47,146,134,12,146,135,11,6,3,3
130,163,10,8,2,12,9,3,5,5,0,0,0,0,4,2,2
130,193,452,380,72,949,782,167,6535,5262,1273,2500,2124,376,2832,2682,150
130,12,2,1,1,2,2,0,3,3,0,3,3,0,4,4,0
130,19,4,4,0,20,16,4,101,74,27,425,334,91,794,680,114
130,74,365,192,173,365,192,173,520,54,466,3889,2516,1373,1342,859,483
130,145,77,75,2,85,81,4,76,50,26,66,61,5,15,14,1
130,200,4,1,3,6,2,4,12,6,6,15,5,10,19,15,4
130,24,0,0,0,0,0,0,1,0,1,0,0,0,0,0,0
130,42,4,3,1,5,3,2,0,0,0,0,0,0,1,1,0
130,37,61,30,31,64,31,33,183,126,57,202,137,65,63,39,24
130,11,8,1,7,8,1,7,0,0,0,0,0,0,42,21,21
130,68,0,0,0,0,0,0,0,0,0,2,0,2,0,0,0
131,168,1173,536,637,1274,574,700,839,393,446,599,274,325,166,66,100
131,183,125,99,26,126,99,27,43,18,25,41,17,24,99,20,79
131,219,38,24,14,10,6,4,20,13,7,6,4,2,31,13,18
131,27,179,112,67,229,143,86,356,212,144,360,214,146,465,272,193
131,142,7,2,5,10,4,6,30,13,17,5,2,3,9,3,6
131,191,1107,848,259,496,290,206,693,321,372,2511,1285,1226,2408,1254,1154
131,97,1092,578,514,1093,578,515,27,11,16,28,11,17,11,4,7
131,55,1,0,1,1,1,0,2,1,1,5,3,2,1,1,0
131,31,0,0,0,0,0,0,1,0,1,0,0,0,0,0,0
131,56,0,0,0,0,0,0,14,8,6,12,6,6,3,2,1
131,95,7,5,2,7,5,2,8,5,3,8,5,3,14,3,11
131,170,40,7,33,36,1,35,74,47,27,76,50,26,1,1,0
131,59,14,7,7,13,7,6,18,5,13,18,6,12,4,2,2
131,73,5,3,2,4,3,1,9,6,3,8,6,2,16,7,9
131,96,2,1,1,2,1,1,0,0,0,0,0,0,2,2,0
131,101,132,73,59,245,142,103,1518,910,608,1194,616,578,68,21,47
131,114,0,0,0,0,0,0,0,0,0,0,0,0,0,0,0
131,153,5,4,1,10,6,4,10,0,10,25,8,17,14,4,10
131,199,20,7,13,9,2,7,9,4,5,32,20,12,15,9,6
131,218,1443,571,872,1854,753,1101,5696,2597,3099,8291,4047,4244,4956,2160,2796
131,83,15,6,9,14,5,9,6,3,3,7,4,3,3,2,1
131,104,472,248,224,472,248,224,520,115,405,521,115,406,190,94,96
131,193,10,5,5,330,185,145,186,105,81,64,35,29,6,1,5
131,12,9,5,4,8,4,4,9,3,6,9,4,5,16,8,8
131,19,96,0,96,85,5,80,117,5,112,64,21,43,169,69,100
131,74,1232,128,1104,1232,128,1104,1586,390,1196,2009,70,1939,3349,1205,2144
131,121,3,0,3,2,1,1,7,1,6,5,0,5,19,7,12
131,145,68,25,43,76,27,49,31,9,22,28,15,13,13,11,2
131,200,114,113,1,120,120,0,228,9,219,510,119,391,434,256,178
131,42,1,1,0,0,0,0,0,0,0,0,0,0,3,3,0
131,37,689,320,369,827,388,439,3016,1520,1496,3594,1815,1779,1554,762,792
131,11,594,376,218,1091,599,492,1810,1010,800,6670,3530,3140,1769,814,955
131,68,0,0,0,0,0,0,0,0,0,2,1,1,0,0,0
132,168,2093,957,1136,2269,1024,1245,248,159,89,116,22,94,213,88,125
132,42,1,1,0,0,0,0,0,0,0,0,0,0,1,1,0
132,37,0,0,0,0,0,0,0,0,0,0,0,0,0,0,0
132,227,8,4,4,10,4,6,7,4,3,10,5,5,23,13,10
133,64,14,6,8,9,3,6,9,5,4,5,1,4,16,2,14
133,191,10,1,9,33,10,23,23,10,13,85,38,47,65,31,34
133,34,1,1,0,1,1,0,1,0,1,2,1,1,0,0,0
133,106,469,202,267,485,202,283,105,37,68,111,39,72,19,16,3
133,161,28,15,13,46,25,21,16,10,6,22,12,10,2,2,0
133,55,7,2,5,6,2,4,13,4,9,26,10,16,3,1,2
133,103,299,139,160,202,104,98,286,151,135,313,162,151,79,32,47
133,211,52,25,27,54,25,29,4,1,3,4,0,4,4,1,3
133,31,5,2,3,5,2,3,6,3,3,6,3,3,20,10,10
133,56,10,6,4,10,6,4,108,65,43,95,60,35,152,106,46
133,95,134,68,66,134,69,65,69,39,30,68,38,30,29,18,11
133,162,25,14,11,20,12,8,47,35,12,53,37,16,9,5,4
133,169,2,1,1,3,1,2,1,0,1,2,1,1,115,38,77
133,170,13,5,8,10,1,9,20,3,17,18,2,16,4,1,3
133,187,21,15,6,29,19,10,7,5,2,7,5,2,15,10,5
133,59,111,51,60,111,51,60,233,104,129,232,103,129,231,124,107
133,73,31,13,18,31,13,18,207,122,85,206,122,84,366,186,180
133,96,14,4,10,14,4,10,16,9,7,15,9,6,18,8,10
133,101,103,28,75,193,63,130,29,15,14,57,34,23,8,1,7
133,114,3,2,1,3,2,1,16,15,1,17,16,1,8,6,2
133,153,54,17,37,118,46,72,140,44,96,323,154,169,383,189,194
133,199,159,70,89,73,30,43,447,238,209,489,205,284,471,194,277
133,218,2065,871,1194,2113,889,1224,1954,876,1078,2512,1161,1351,1154,442,712
133,52,8,3,5,7,2,5,12,5,7,12,6,6,0,0,0
133,83,45,29,16,56,31,25,23,4,19,22,3,19,21,15,6
133,104,494,170,324,496,171,325,2401,988,1413,2401,988,1413,214,106,108
133,163,72,26,46,78,27,51,31,24,7,23,7,16,22,3,19
133,182,17,7,10,8,3,5,0,0,0,0,0,0,1,0,1
133,188,5,3,2,6,3,3,4,2,2,25,13,12,27,22,5
133,193,2010,904,1106,7027,3234,3793,17125,7465,9660,8990,3824,5166,2066,8,2058
133,12,107,54,53,107,54,53,123,38,85,123,38,85,220,95,125
133,19,5,2,3,29,10,19,52,7,45,198,89,109,302,135,167
133,74,204,12,192,203,11,192,2620,1337,1283,2298,321,1977,950,310,640
133,80,1215,261,954,1215,261,954,5896,2492,3404,5896,2492,3404,609,233,376
133,119,0,0,0,0,0,0,10,5,5,11,5,6,6,1,5
133,121,2,0,2,1,1,0,4,0,4,2,0,2,9,3,6
133,145,310,123,187,344,135,209,774,254,520,796,342,454,919,384,535
133,200,877,471,406,890,482,408,609,137,472,894,94,800,984,639,345
133,7,1,1,0,0,0,0,1,1,0,0,0,0,0,0,0
133,14,30,22,8,31,23,8,21,12,9,21,13,8,10,6,4
133,25,11,3,8,11,3,8,2,1,1,34,9,25,0,0,0
133,38,15,7,8,15,7,8,3,1,2,2,1,1,1,0,1
133,53,215,122,93,215,121,94,4,1,3,40,17,23,42,19,23
133,62,193,60,133,192,60,132,345,73,272,358,80,278,79,41,38
133,92,55,27,28,54,27,27,74,35,39,74,35,39,71,34,37
133,164,395,189,206,401,191,210,415,193,222,30,3,27,495,238,257
133,174,1,0,1,3,1,2,0,0,0,1,0,1,0,0,0
133,20,243,174,69,243,174,69,225,113,112,224,112,112,484,246,238
133,50,303,120,183,587,264,323,816,392,424,1504,697,807,123,48,75
133,65,509,224,285,510,224,286,103,53,50,103,53,50,70,33,37
133,88,2834,1908,926,2834,1908,926,2090,1759,331,2090,1759,331,2290,1438,852
133,94,185,77,108,184,76,108,24,5,19,24,4,20,32,21,11
133,148,191,85,106,19,5,14,12,11,1,50,25,25,61,30,31
133,157,417,241,176,531,283,248,811,535,276,962,635,327,718,386,332
133,8,354,147,207,354,147,207,797,376,421,798,377,421,5,2,3
133,24,645,316,329,553,268,285,563,302,261,581,309,272,1343,656,687
133,28,235,114,121,234,113,121,712,368,344,683,350,333,542,291,251
133,42,477,241,236,477,242,235,321,72,249,321,71,250,681,288,393
133,46,164,102,62,164,103,61,37,28,9,409,248,161,190,114,76
133,63,141,68,73,140,68,72,169,91,78,447,190,257,705,315,390
133,159,619,293,326,627,306,321,86,43,43,82,43,39,40,21,19
133,160,136,70,66,157,75,82,185,90,95,107,54,53,111,56,55
133,222,62,48,14,55,42,13,49,16,33,45,16,29,42,13,29
133,225,126,94,32,103,83,20,229,69,160,241,70,171,246,81,165
133,37,11503,5506,5997,12219,5855,6364,18854,9220,9634,22529,11085,11444,9842,4758,5084
133,220,2304787,1249586,1055201,2574686,1404991,1169695,1131567,635413,496154,1257906,592937,664969,483071,242480,240591
133,11,272,132,140,211,108,103,580,290,290,1610,870,740,1487,680,807
133,68,0,0,0,0,0,0,0,0,0,28,18,10,2,1,1
133,54,0,0,0,0,0,0,0,0,0,12,3,9,1,1,0
134,101,0,0,0,0,0,0,0,0,0,0,0,0,0,0,0
134,104,7,2,5,6,1,5,0,0,0,0,0,0,0,0,0
134,193,8,4,4,259,138,121,146,78,68,59,31,28,14,9,5
134,12,0,0,0,0,0,0,0,0,0,0,0,0,0,0,0
134,74,0,0,0,0,0,0,1,1,0,1,1,0,0,0,0
134,8,0,0,0,0,0,0,2,0,2,3,0,3,0,0,0
134,42,0,0,0,0,0,0,0,0,0,2,1,1,1,1,0
134,37,7,4,3,8,4,4,10,5,5,10,5,5,0,0,0
134,220,2075,1040,1035,2272,1145,1127,352,158,194,269,190,79,804,385,419
134,11,4,1,3,6,2,4,0,0,0,20,10,10,10,10,0
134,87,2000,984,1016,1999,983,1016,1792,926,866,1792,927,865,94,45,49
134,128,20,10,10,27,13,14,39,19,20,50,28,22,14,8,6
134,152,66,53,13,148,51,97,131,99,32,596,324,272,130,55,75
134,156,116,39,77,44,21,23,139,81,58,22,21,1,10,10,0
135,64,3,1,2,1,1,0,11,7,4,6,2,4,14,1,13
135,118,25,18,7,29,22,7,37,29,8,22,16,6,31,20,11
135,191,2,0,2,4,3,1,2,2,0,8,7,1,5,5,0
135,31,1,1,0,0,0,0,1,0,1,1,1,0,5,2,3
135,56,1,1,0,0,0,0,1,1,0,1,1,0,3,2,1
135,95,2,1,1,2,1,1,1,1,0,2,1,1,2,1,1
135,162,1,0,1,2,1,1,11,8,3,12,7,5,2,2,0
135,170,26,4,22,20,2,18,96,42,54,97,43,54,0,0,0
135,59,1,1,0,1,1,0,4,1,3,4,2,2,2,2,0
135,73,1,1,0,0,0,0,1,1,0,0,0,0,7,3,4
135,96,1,0,1,0,0,0,0,0,0,0,0,0,0,0,0
135,101,3,2,1,4,2,2,0,0,0,1,0,1,0,0,0
135,199,2,2,0,2,1,1,7,5,2,7,3,4,13,3,10
135,218,76,34,42,79,35,44,72,48,24,96,62,34,47,26,21
135,83,5,1,4,6,1,5,12,7,5,12,8,4,1,1,0
135,104,25,7,18,24,7,17,707,342,365,707,343,364,32,16,16
135,193,42,24,18,30,14,16,28,10,18,52,21,31,3,1,2
135,12,2,1,1,2,2,0,2,0,2,1,0,1,3,1,2
135,19,0,0,0,0,0,0,2,0,2,1,0,1,2,1,1
135,74,106,26,80,106,27,79,13087,6579,6508,6482,2881,3601,1884,872,1012
135,145,10,4,6,13,4,9,8,2,6,7,3,4,17,12,5
135,200,32,23,9,33,22,11,21,4,17,35,5,30,39,27,12
135,50,0,0,0,0,0,0,0,0,0,0,0,0,0,0,0
135,8,1,0,1,1,0,1,5,0,5,6,0,6,0,0,0
135,24,1,0,1,1,0,1,0,0,0,0,0,0,0,0,0
135,42,3,2,1,2,1,1,1,0,1,2,0,2,6,2,4
135,37,12,6,6,9,5,4,37,33,4,37,37,0,21,15,6
135,11,18,11,7,19,12,7,20,0,20,10,10,0,23,11,12
135,68,0,0,0,0,0,0,0,0,0,1,0,1,0,0,0
135,28,0,0,0,0,0,0,0,0,0,125,46,79,26,10,16
136,64,5,4,1,5,4,1,2,2,0,1,1,0,3,2,1
136,166,591,290,301,816,424,392,7566,4646,2920,11166,6566,4600,1844,1689,155
136,211,65,31,34,67,32,35,5,1,4,5,0,5,4,1,3
136,18,40,3,37,39,2,37,7,2,5,7,1,6,7,1,6
136,31,6,1,5,6,1,5,12,4,8,10,4,6,13,3,10
136,56,70,30,40,69,29,40,2608,986,1622,2371,980,1391,758,323,435
136,95,239,34,205,238,33,205,203,70,133,202,69,133,281,91,190
136,162,34,17,17,29,15,14,77,13,64,86,15,71,12,2,10
136,167,4,1,3,40,16,24,33,14,19,11,8,3,9,6,3
136,170,1592,506,1086,769,116,653,1148,698,450,1607,902,705,396,121,275
136,187,11,3,8,19,6,13,6,3,3,5,2,3,12,6,6
136,59,8,3,5,7,2,5,24,4,20,24,4,20,4,2,2
136,68,15,5,10,15,6,9,6,2,4,5,1,4,4,2,2
136,73,6,1,5,6,2,4,17,7,10,17,8,9,15,0,15
136,96,3,1,2,2,1,1,8,3,5,8,4,4,4,3,1
136,101,108,37,71,200,79,121,28,15,13,60,39,21,7,0,7
136,114,46,21,25,47,22,25,25,14,11,27,17,10,21,9,12
136,120,9,5,4,20,9,11,8,4,4,5,3,2,11,6,5
136,153,0,0,0,8,3,5,34,10,24,54,11,43,45,11,34
136,199,6,1,5,3,1,2,84,23,61,707,290,417,1579,682,897
136,218,122,52,70,126,53,73,629,212,417,704,245,459,200,57,143
136,83,1,0,1,2,1,1,2,1,1,2,0,2,0,0,0
136,104,26,4,22,26,5,21,109,34,75,109,35,74,8,4,4
136,193,6,2,4,177,66,111,100,38,62,274,101,173,52,10,42
136,12,127,56,71,127,57,70,148,35,113,147,35,112,262,98,164
136,19,0,0,0,1,0,1,103,36,67,238,99,139,603,266,337
136,74,9,1,8,9,1,8,381,166,215,632,260,372,108,43,65
136,145,12,4,8,15,4,11,358,136,222,52,7,45,32,11,21
136,200,155,43,112,157,43,114,61,1,60,133,31,102,103,59,44
136,50,0,0,0,4,3,1,4,3,1,8,6,2,1,1,0
136,24,1,0,1,0,0,0,0,0,0,0,0,0,0,0,0
136,42,1,0,1,0,0,0,0,0,0,2,1,1,1,1,0
136,37,52,26,26,53,26,27,478,214,264,515,233,282,132,60,72
136,11,44,15,29,40,13,27,100,30,70,480,210,270,186,78,108
137,31,4,2,2,4,3,1,6,3,3,5,3,2,4,1,3
137,56,14,10,4,14,10,4,11,7,4,14,9,5,49,22,27
137,95,14,9,5,13,8,5,6,4,2,6,4,2,6,5,1
137,162,40,25,15,34,22,12,73,39,34,67,36,31,1,1,0
137,170,13,12,1,12,3,9,139,34,105,147,39,108,4,3,1
137,187,4,3,1,10,7,3,4,3,1,3,2,1,8,5,3
137,59,33,18,15,32,17,15,942,496,446,942,496,446,77,37,40
137,73,0,0,0,0,0,0,2,1,1,1,0,1,2,1,1
137,101,0,0,0,0,0,0,0,0,0,0,0,0,0,0,0
137,153,0,0,0,0,0,0,0,0,0,304,152,152,101,48,53
137,199,0,0,0,0,0,0,0,0,0,419,233,186,434,230,204
137,218,250,108,142,258,112,146,114,51,63,182,88,94,123,54,69
137,26,974,476,498,974,476,498,1754,865,889,502,255,247,455,222,233
137,52,0,0,0,0,0,0,3071,1438,1633,3071,1439,1632,39,9,30
137,104,2299,1319,980,2298,1319,979,1885,1034,851,1885,1033,852,44,22,22
137,163,51,46,5,54,47,7,67,39,28,69,47,22,14,4,10
137,182,50872,23497,27375,18987,7537,11450,4806,2612,2194,1697,794,903,1643,835,808
137,188,160,72,88,141,65,76,2619,1490,1129,2997,1600,1397,63,20,43
137,193,0,0,0,0,0,0,0,0,0,138,70,68,29,26,3
137,204,641,296,345,541,197,344,227,97,130,227,96,131,710,282,428
137,12,1542,871,671,1542,872,670,1780,703,1077,1780,703,1077,3167,1599,1568
137,19,8,5,3,46,23,23,1233,641,592,111,56,55,384,175,209
137,74,31,9,22,31,9,22,136,65,71,150,69,81,106,51,55
137,80,6101,3162,2939,6100,3161,2939,21554,11486,10068,21555,11487,10068,1,1,0
137,119,16,16,0,16,16,0,55,55,0,54,54,0,2,1,1
137,121,2624,1343,1281,2594,1424,1170,956,330,626,963,331,632,2959,1818,1141
137,200,992,539,453,997,542,455,174,43,131,281,32,249,416,296,120
137,24,0,0,0,0,0,0,1,1,0,1,1,0,0,0,0
137,225,3,1,2,5,3,2,11,6,5,13,6,7,15,6,9
137,37,0,0,0,0,0,0,750,367,383,795,391,404,182,89,93
137,11,2122,1108,1014,1921,1012,909,1300,690,610,2160,1130,1030,145,60,85
137,28,0,0,0,0,0,0,0,0,0,22,10,12,4,2,2
138,101,1,1,0,1,0,1,0,0,0,1,1,0,0,0,0
138,218,3779,1507,2272,3866,1538,2328,1295,471,824,671,160,511,859,330,529
138,83,0,0,0,0,0,0,39,17,22,39,18,21,4,3,1
138,74,1,0,1,0,0,0,14,13,1,14,13,1,2,1,1
138,6,45,30,15,44,29,15,35,25,10,23,16,7,20,14,6
138,7,46,33,13,45,32,13,68,34,34,67,33,34,68,34,34
138,29,19,7,12,19,7,12,21,9,12,21,9,12,21,9,12
138,61,19,10,9,15,8,7,21,11,10,25,14,11,23,12,11
138,85,1,1,0,2,1,1,0,0,0,1,0,1,0,0,0
138,173,60,31,29,93,50,43,47,25,22,32,15,17,12,7,5
138,174,4,2,2,7,3,4,3,1,2,2,1,1,1,1,0
138,221,79,32,47,82,34,48,16,4,12,14,4,10,0,0,0
138,50,1,1,0,1,1,0,1,0,1,2,0,2,0,0,0
138,42,4,1,3,5,1,4,0,0,0,0,0,0,1,1,0
138,37,107,51,56,119,57,62,19,3,16,16,14,2,71,35,36
138,220,131,71,60,281,142,139,743,339,404,801,302,499,636,265,371
139,77,43,21,22,73,35,38,32,16,16,52,26,26,42,20,22
139,64,100,14,86,149,25,124,148,77,71,89,8,81,332,73,259
139,118,1029,505,524,1071,558,513,777,572,205,374,215,159,553,251,302
139,210,75,10,65,662,299,363,243,91,152,1835,934,901,1323,691,632
139,191,398,198,200,210,98,112,88,54,34,323,207,116,305,198,107
139,130,32,26,6,35,23,12,12,7,5,6,4,2,3,2,1
139,181,155,63,92,341,222,119,244,167,77,410,272,138,108,54,54
139,15,25,15,10,26,14,12,131,85,46,230,153,77,21,17,4
139,55,7,3,4,6,3,3,13,7,6,26,14,12,3,2,1
139,100,85,2,83,122,75,47,182,128,54,32,19,13,74,38,36
139,103,9628,3364,6264,642,173,469,5377,2763,2614,3418,2003,1415,4955,1926,3029
139,107,165,8,157,163,10,153,322,169,153,300,146,154,717,342,375
139,111,317,152,165,180,170,10,116,54,62,510,319,191,712,330,382
139,115,92,9,83,92,9,83,72,2,70,72,1,71,91,31,60
139,165,112,105,7,97,50,47,339,289,50,455,433,22,42,24,18
139,211,161,96,65,163,96,67,20,8,12,12,4,8,12,3,9
139,217,548,402,146,692,495,197,406,203,203,3914,2772,1142,56,36,20
139,31,11,5,6,11,5,6,18,10,8,15,8,7,11,5,6
139,56,13,11,2,12,10,2,103,89,14,91,80,11,55,40,15
139,95,45,29,16,45,30,15,30,22,8,30,22,8,12,3,9
139,162,32,23,9,27,21,6,79,75,4,88,81,7,11,9,2
139,169,2,2,0,2,0,2,1,1,0,2,1,1,96,56,40
139,170,321,40,281,312,9,303,86,72,14,97,89,8,20,12,8
139,187,12,11,1,18,15,3,5,4,1,4,4,0,10,8,2
139,216,69,31,38,43,13,30,172,122,50,84,59,25,5,5,0
139,59,939,450,489,938,449,489,276,67,209,275,67,208,200,59,141
139,73,230,170,60,229,170,59,430,273,157,429,272,157,750,432,318
139,96,32,22,10,31,22,9,36,20,16,35,20,15,11,2,9
139,101,93,63,30,173,122,51,13,7,6,51,42,9,6,3,3
139,114,1,1,0,1,0,1,5,4,1,3,3,0,2,1,1
139,153,651,369,282,675,296,379,631,246,385,531,203,328,663,311,352
139,199,659,382,277,304,169,135,1055,468,587,1844,743,1101,1842,862,980
139,218,1455,639,816,1629,724,905,3854,1825,2029,5141,2575,2566,2583,1192,1391
139,4,87,43,44,88,45,43,78,43,35,7,3,4,115,58,57
139,52,0,0,0,0,0,0,15,6,9,14,5,9,0,0,0
139,82,457,403,54,457,403,54,87,76,11,87,75,12,63,44,19
139,83,28,9,19,41,9,32,663,561,102,663,562,101,67,56,11
139,104,58142,16514,41628,58142,16515,41627,69798,37840,31958,69798,37840,31958,6619,3273,3346
139,127,15,5,10,26,7,19,23,8,15,61,11,50,52,21,31
139,163,458,283,175,493,304,189,334,263,71,110,83,27,170,89,81
139,182,22,9,13,9,2,7,0,0,0,0,0,0,1,0,1
139,188,2,2,0,4,3,1,3,2,1,9,6,3,4,3,1
139,193,31873,23358,8515,101492,67047,34445,255234,177198,78036,241795,127114,114681,75737,69836,5901
139,12,136,83,53,136,83,53,157,73,84,157,73,84,279,156,123
139,19,14050,7769,6281,17564,9440,8124,25900,14844,11056,3873,123,3750,11477,6273,5204
139,74,23081,7107,15974,23080,7106,15974,72493,24998,47495,23852,18676,5176,69973,35370,34603
139,80,2481,495,1986,2480,494,1986,16572,8016,8556,16571,8015,8556,3817,2127,1690
139,121,44,8,36,47,9,38,30,6,24,26,5,21,86,46,40
139,145,16045,8053,7992,20578,10438,10140,16914,6546,10368,3601,2065,1536,4433,1469,2964
139,200,1751,892,859,1789,926,863,1363,323,1040,2086,232,1854,2607,1763,844
139,62,3,2,1,2,1,1,5,4,1,7,5,2,2,2,0
139,50,9,4,5,5,3,2,1,0,1,2,0,2,0,0,0
139,133,20,19,1,28,25,3,17,2,15,20,17,3,87,64,23
139,157,9,6,3,13,8,5,9,7,2,12,9,3,12,9,3
139,8,11,1,10,11,1,10,116,44,72,117,45,72,1,1,0
139,24,0,0,0,1,0,1,8,4,4,8,5,3,3,1,2
139,42,12,4,8,11,3,8,16,5,11,16,5,11,34,13,21
139,46,4,4,0,4,3,1,5,3,2,6,4,2,5,4,1
139,63,2,1,1,2,1,1,4,3,1,9,5,4,15,9,6
139,160,3,2,1,5,3,2,5,3,2,2,2,0,2,2,0
139,225,254,145,109,222,126,96,40,11,29,40,13,27,13,2,11
139,37,4560,2163,2397,5051,2402,2649,14503,8279,6224,16920,9575,7345,6719,3540,3179
139,220,9067,4178,4889,10074,4676,5398,11065,5159,5906,11626,4789,6837,5137,2204,2933
139,11,228,162,66,158,119,39,200,70,130,240,110,130,363,182,181
139,146,76,40,36,76,40,36,41,24,17,42,25,17,36,21,15
139,68,0,0,0,0,0,0,0,0,0,15,12,3,1,1,0
139,28,0,0,0,0,0,0,0,0,0,503,310,193,103,64,39
140,67,1319,732,587,1322,731,591,96,46,50,96,46,50,19,15,4
140,109,63,45,18,445,267,178,18,3,15,66,20,46,12,7,5
140,123,1014565,495247,519318,2269,1267,1002,2759,1522,1237,991,558,433,643,359,284
140,215,9,7,2,197,85,112,1,0,1,0,0,0,1,0,1
140,219,86358,41540,44818,11256,6027,5229,10472,5461,5011,8090,4288,3802,13526,6762,6764
140,230,38128,19074,19054,2582,1252,1330,297,145,152,459,256,203,709,345,364
140,231,212533,115682,96851,68492,39114,29378,52368,29858,22510,27663,15767,11896,23417,13392,10025
140,5,16,6,10,15,6,9,38,17,21,37,16,21,80,38,42
140,179,21,18,3,23,19,4,46,38,8,36,30,6,17,16,1
140,64,1,0,1,0,0,0,2,1,1,1,0,1,3,1,2
140,27,113,68,45,144,86,58,224,125,99,227,127,100,293,161,132
140,116,4,2,2,5,3,2,0,0,0,0,0,0,0,0,0
140,142,9,4,5,12,8,4,39,22,17,6,3,3,12,6,6
140,191,30496,28135,2361,86385,47856,38529,55201,37165,18036,90130,56506,33624,70105,48987,21118
140,198,31611,16948,14663,5458,2410,3048,1018,593,425,696,349,347,452,450,2
140,34,13,7,6,12,6,6,25,12,13,26,12,14,1,0,1
140,55,1,0,1,1,0,1,2,0,2,5,1,4,1,1,0
140,31,4,2,2,4,3,1,6,3,3,5,3,2,9,5,4
140,56,0,0,0,0,0,0,2,1,1,2,2,0,5,4,1
140,95,4,1,3,3,1,2,3,2,1,2,2,0,3,1,2
140,162,3,2,1,4,3,1,9,8,1,8,8,0,2,2,0
140,170,12,3,9,11,1,10,13,10,3,10,8,2,2,1,1
140,59,29,5,24,28,5,23,33,10,23,33,11,22,21,4,17
140,73,6,0,6,6,0,6,21,12,9,20,11,9,22,9,13
140,96,2,1,1,1,0,1,4,3,1,3,2,1,12,4,8
140,101,13,6,7,25,14,11,2,1,1,8,6,2,1,0,1
140,114,0,0,0,0,0,0,0,0,0,0,0,0,0,0,0
140,153,10,4,6,28,3,25,42,22,20,37,17,20,50,28,22
140,199,28,9,19,14,4,10,49,24,25,88,48,40,4,2,2
140,218,1373,619,754,1404,631,773,1038,444,594,1388,628,760,698,274,424
140,83,13,2,11,13,1,12,3,2,1,2,1,1,3,2,1
140,104,128,30,98,128,30,98,272,112,160,271,111,160,20,10,10
140,163,1011,807,204,1975,756,1219,588,231,357,13039,6025,7014,6045,1352,4693
140,193,52,24,28,1701,839,862,962,477,485,347,184,163,42,19,23
140,12,5,3,2,5,3,2,5,1,4,5,2,3,10,5,5
140,19,0,0,0,1,1,0,10,6,4,9,6,3,17,6,11
140,74,34,6,28,34,6,28,150,35,115,185,14,171,97,39,58
140,145,101,48,53,114,55,59,110,55,55,93,48,45,21,12,9
140,200,100,78,22,103,79,24,73,20,53,125,16,109,188,132,56
140,50,1,1,0,1,1,0,1,0,1,2,0,2,0,0,0
140,8,1,0,1,1,0,1,6,0,6,8,1,7,0,0,0
140,24,0,0,0,0,0,0,2,1,1,1,1,0,0,0,0
140,28,175,31,144,175,32,143,234,93,141,238,105,133,289,126,163
140,42,16,9,7,15,8,7,8,3,5,9,4,5,17,9,8
140,225,1,0,1,0,0,0,2,1,1,2,0,2,3,1,2
140,37,86,40,46,104,49,55,101,59,42,159,89,70,134,67,67
140,11,142,72,70,112,56,56,160,80,80,90,40,50,133,45,88
140,68,0,0,0,0,0,0,0,0,0,2,2,0,0,0,0
141,64,2,1,1,0,0,0,2,2,0,1,1,0,2,2,0
141,191,80,9,71,41,2,39,17,5,12,65,23,42,46,17,29
141,166,464,430,34,641,595,46,783,732,51,1566,1451,115,7972,7835,137
141,35,39,26,13,39,26,13,22,14,8,22,14,8,6,4,2
141,113,44,25,19,78,42,36,37,24,13,19,13,6,11,5,6
141,124,5602,3903,1699,6671,4591,2080,103930,73629,30301,120659,86469,34190,10862,9725,1137
141,161,115,53,62,163,74,89,32,14,18,50,19,31,6,3,3
141,203,207273,105713,101560,297352,151269,146083,416039,220326,195713,498434,275483,222951,329746,120758,208988
141,226,1727,983,744,4117,2535,1582,1027,925,102,1522,892,630,1831,897,934
141,16,2648,2345,303,2648,2345,303,29633,26357,3276,29632,26357,3275,10934,9850,1084
141,23,3,2,1,3,2,1,5,3,2,5,3,2,2,1,1
141,97,11911,6283,5628,11911,6282,5629,4707,2495,2212,4707,2495,2212,1883,998,885
141,155,598,314,284,338,177,161,111,57,54,72,38,34,19,8,11
141,55,5,1,4,4,0,4,10,3,7,18,4,14,2,1,1
141,107,14,14,0,13,13,0,13,13,0,13,13,0,29,29,0
141,180,12421,8440,3981,2800,2016,784,24648,18948,5700,38374,29126,9248,34948,20008,14940
141,211,3,0,3,15,11,4,0,0,0,1,1,0,0,0,0
141,56,0,0,0,0,0,0,29,17,12,27,16,11,71,40,31
141,95,1,1,0,1,0,1,1,0,1,1,0,1,3,2,1
141,170,90,9,81,87,2,85,212,198,14,201,188,13,11,11,0
141,59,11,9,2,10,8,2,596,359,237,596,359,237,540,263,277
141,73,22,13,9,21,13,8,457,243,214,456,242,214,536,225,311
141,96,0,0,0,0,0,0,0,0,0,0,0,0,1,1,0
141,101,23,12,11,41,22,19,4,2,2,13,10,3,1,0,1
141,153,17,8,9,9,5,4,458,259,199,1919,990,929,703,300,403
141,199,18,11,7,9,5,4,317,160,157,961,499,462,138,68,70
141,218,468,220,248,301,155,146,604,275,329,1435,715,720,1435,582,853
141,83,11,6,5,10,5,5,2,1,1,1,0,1,0,0,0
141,104,69,33,36,68,32,36,138,48,90,138,49,89,10,5,5
141,193,5,3,2,133,84,49,75,48,27,6,2,4,11,3,8
141,12,5,2,3,5,3,2,6,2,4,5,2,3,11,6,5
141,19,0,0,0,1,1,0,30,21,9,25,17,8,64,51,13
141,74,22,6,16,21,6,15,347,213,134,67,66,1,36,18,18
141,80,155,85,70,154,84,70,808,502,306,807,501,306,76,48,28
141,145,40,28,12,45,29,16,190,137,53,337,194,143,406,209,197
141,200,23,14,9,24,14,10,27,8,19,32,2,30,37,26,11
141,50,2,0,2,1,0,1,3,1,2,6,2,4,0,0,0
141,157,9,9,0,12,12,0,18,18,0,22,21,1,14,14,0
141,8,0,0,0,0,0,0,5,5,0,5,5,0,0,0,0
141,24,0,0,0,1,0,1,0,0,0,0,0,0,0,0,0
141,42,0,0,0,1,0,1,0,0,0,0,0,0,1,1,0
141,37,658,312,346,729,346,383,1979,978,1001,2321,1151,1170,943,458,485
141,220,5851,2982,2869,6902,3544,3358,15250,7727,7523,15838,7397,8441,39615,19376,20239
141,11,1462,667,795,774,491,283,1220,510,710,9930,4860,5070,5646,2911,2735
141,147,231,110,121,88,56,32,124,60,64,709,342,367,685,330,355
141,28,0,0,0,0,0,0,0,0,0,12,6,6,2,1,1
142,109,7,5,2,51,30,21,1,0,1,7,2,5,1,0,1
142,219,124,75,49,32,20,12,45,19,26,42,35,7,31,20,11
142,230,1887,1017,870,372,201,171,150,82,68,379,144,235,936,508,428
142,5,56,21,35,56,22,34,134,58,76,134,59,75,287,132,155
142,64,102,33,69,81,27,54,37,22,15,18,0,18,65,9,56
142,27,176,87,89,225,114,111,349,176,173,353,178,175,456,225,231
142,116,1,1,0,0,0,0,0,0,0,0,0,0,0,0,0
142,191,12970,6085,6885,19741,9272,10469,8595,4195,4400,31116,14511,16605,49956,24517,25439
142,55,1,1,0,0,0,0,1,1,0,2,2,0,0,0,0
142,31,1,1,0,0,0,0,1,0,1,0,0,0,2,0,2
142,56,1,1,0,1,1,0,10,5,5,8,3,5,5,3,2
142,95,3,2,1,3,2,1,1,1,0,0,0,0,3,1,2
142,170,15,2,13,15,1,14,19,9,10,17,6,11,3,2,1
142,59,14,5,9,13,4,9,11,7,4,11,7,4,7,1,6
142,73,13,7,6,14,7,7,25,9,16,25,9,16,36,9,27
142,96,5,3,2,4,3,1,9,2,7,9,3,6,2,2,0
142,101,13,4,9,23,9,14,5,3,2,7,5,2,1,0,1
142,153,7,3,4,19,10,9,33,13,20,9,5,4,11,4,7
142,199,7,4,3,4,2,2,19,8,11,23,13,10,37,28,9
142,218,505,238,267,518,243,275,512,211,301,652,285,367,290,115,175
142,83,1,0,1,2,1,1,1,0,1,2,1,1,0,0,0
142,104,11,0,11,11,0,11,29,22,7,29,23,6,2,1,1
142,193,5,2,3,139,60,79,78,34,44,39,21,18,14,5,9
142,12,13,6,7,13,7,6,15,4,11,15,4,11,26,10,16
142,19,0,0,0,0,0,0,5,1,4,1,0,1,9,1,8
142,74,4,1,3,3,0,3,8,6,2,57,26,31,13,5,8
142,145,31,12,19,37,13,24,73,24,49,27,22,5,32,11,21
142,200,30,26,4,32,26,6,44,19,25,49,11,38,49,36,13
142,8,0,0,0,0,0,0,1,1,0,1,1,0,0,0,0
142,42,2,0,2,2,1,1,1,0,1,2,1,1,2,0,2
142,37,65,31,34,70,33,37,364,131,233,403,147,256,126,50,76
142,11,129,73,56,106,62,44,270,130,140,360,160,200,263,145,118
142,68,0,0,0,0,0,0,0,0,0,1,1,0,0,0,0
142,28,0,0,0,0,0,0,0,0,0,48,39,9,10,8,2
143,191,9,3,6,4,2,2,1,0,1,8,4,4,4,2,2
143,31,1,1,0,0,0,0,1,1,0,0,0,0,0,0,0
143,56,2,1,1,0,0,0,0,0,0,1,0,1,0,0,0
143,96,0,0,0,0,0,0,0,0,0,0,0,0,0,0,0
143,218,2,1,1,4,2,2,10,3,7,12,3,9,2,0,2
143,104,1,1,0,1,1,0,2,1,1,0,0,0,0,0,0
143,12,0,0,0,0,0,0,0,0,0,0,0,0,0,0,0
143,19,0,0,0,0,0,0,0,0,0,0,0,0,0,0,0
143,42,4,2,2,3,1,2,1,0,1,2,1,1,5,1,4
143,37,10,5,5,9,4,5,0,0,0,0,0,0,0,0,0
143,11,28,14,14,1,0,1,110,80,30,50,50,0,104,13,91
143,110,67,57,10,67,57,10,195,107,88,196,107,89,144,73,71
143,177,3,1,2,4,1,3,1,0,1,1,1,0,0,0,0
144,183,8,1,7,10,2,8,71,65,6,69,64,5,20,18,2
144,191,48,21,27,24,10,14,10,6,4,38,23,15,29,18,11
144,44,726,358,368,726,358,368,707,163,544,728,173,555,395,101,294
144,166,946,828,118,1252,1102,150,2287,1894,393,4068,3372,696,5010,3982,1028
144,30,672,526,146,671,525,146,112,93,19,112,93,19,112,93,19
144,35,34,17,17,34,18,16,20,10,10,19,9,10,5,2,3
144,124,12166,6519,5647,15012,7810,7202,69325,38637,30688,84760,48538,36222,8827,7411,1416
144,161,229,120,109,313,165,148,283,155,128,266,148,118,1,0,1
144,203,3871,1683,2188,5860,2473,3387,3022,1433,1589,2127,895,1232,2205,952,1253
144,226,193,100,93,475,270,205,601,366,235,569,275,294,371,192,179
144,16,1691,1471,220,1690,1471,219,11944,10276,1668,11943,10275,1668,2121,1872,249
144,23,58,38,20,59,39,20,114,72,42,114,72,42,38,25,13
144,97,72988,42680,30308,72987,42680,30307,50516,24250,26266,50517,24250,26267,20207,9700,10507
144,194,39,34,5,41,29,12,83,45,38,170,115,55,5,4,1
144,15,22,13,9,24,13,11,792,533,259,1029,693,336,1694,1126,568
144,55,6,5,1,6,5,1,12,10,2,23,19,4,3,3,0
144,107,106,60,46,105,60,45,98,73,25,92,67,25,218,157,61
144,111,282,135,147,160,151,9,103,47,56,453,284,169,20828,12478,8350
144,165,39,37,2,34,18,16,23183,17467,5716,42364,35065,7299,85303,70321,14982
144,180,4417,3604,813,5001,4021,980,44019,36893,7126,68534,52536,15998,81470,62977,18493
144,217,487,357,130,615,440,175,5986,4045,1941,14592,10322,4270,20399,14143,6256
144,31,1,1,0,1,1,0,1,1,0,1,1,0,2,2,0
144,56,2,1,1,2,1,1,51,42,9,47,39,8,23,6,17
144,95,19,12,7,19,13,6,9,6,3,9,6,3,8,4,4
144,162,3,3,0,1,1,0,23,16,7,26,18,8,2,1,1
144,170,107,13,94,103,3,100,110,72,38,114,75,39,4,4,0
144,59,41,21,20,40,21,19,702,488,214,702,488,214,527,174,353
144,73,33,25,8,33,25,8,553,432,121,553,432,121,1503,1024,479
144,96,4,3,1,3,2,1,41,22,19,40,22,18,7,1,6
144,101,47,31,16,86,59,27,6,3,3,26,21,5,3,2,1
144,114,0,0,0,1,1,0,6,6,0,6,6,0,3,2,1
144,153,19,11,8,93,50,43,164,95,69,396,242,154,834,483,351
144,199,22,11,11,11,5,6,86,55,31,468,356,112,193,79,114
144,218,2429,1610,819,2484,1644,840,20408,10959,9449,22537,12276,10261,6009,3020,2989
144,83,8,4,4,7,3,4,19,14,5,18,14,4,1,1,0
144,104,92,50,42,92,51,41,790,458,332,790,459,331,28,14,14
144,163,11,9,2,12,9,3,240,169,71,196,137,59,46,26,20
144,193,22,14,8,52,28,24,561,383,178,1914,1351,563,542,120,422
144,12,42,29,13,41,28,13,48,27,21,48,28,20,86,55,31
144,19,7,3,4,9,4,5,550,333,217,838,438,400,1931,1223,708
144,74,23,4,19,23,5,18,254,140,114,218,63,155,100,42,58
144,80,519,382,137,519,383,136,944,373,571,944,374,570,131,73,58
144,121,2,1,1,1,1,0,4,2,2,3,2,1,12,10,2
144,145,97,47,50,110,54,56,249,166,83,684,447,237,293,83,210
144,200,149,107,42,152,108,44,71,29,42,86,11,75,142,108,34
144,50,2,2,0,1,1,0,2,2,0,4,4,0,0,0,0
144,24,1,0,1,0,0,0,2,1,1,2,1,1,1,1,0
144,42,1,1,0,1,1,0,1,0,1,2,0,2,6,2,4
144,37,500,241,259,514,248,266,3686,1929,1757,3976,2085,1891,1034,533,501
144,220,4586,3122,1464,4867,3320,1547,17054,6406,10648,17408,8300,9108,28727,13995,14732
144,11,834,584,250,762,537,225,1860,1060,800,23380,14670,8710,5632,1931,3701
144,147,157,85,72,106,31,75,218,106,112,464,224,240,448,216,232
144,152,35,31,4,48,40,8,18,17,1,81,70,11,15,13,2
144,68,0,0,0,0,0,0,0,0,0,20,19,1,1,1,0
144,28,0,0,0,0,0,0,0,0,0,50,50,0,10,10,0
145,215,6,5,1,15,0,15,2,1,1,1,1,0,2,1,1
145,39,17,9,8,14,7,7,12,6,6,0,0,0,5,3,2
145,64,205,125,80,137,92,45,138,93,45,68,16,52,173,8,165
145,118,890,506,384,854,464,390,261,196,65,135,85,50,200,106,94
145,27,7,5,2,12,7,5,177,104,73,178,105,73,180,103,77
145,142,34,14,20,50,23,27,143,72,71,20,9,11,43,19,24
145,191,6157,1926,4231,2958,653,2305,1640,810,830,5939,3208,2731,5696,3123,2573
145,34,10,6,4,10,7,3,23,14,9,23,13,10,1,0,1
145,81,12,6,6,15,3,12,59,38,21,53,35,18,28,17,11
145,117,7,7,0,9,7,2,156,60,96,70,57,13,17,12,5
145,202,15,12,3,10,9,1,11,4,7,12,7,5,2,2,0
145,44,80,52,28,79,51,28,77,36,41,80,39,41,23,1,22
145,106,85,19,66,70,17,53,133,55,78,62,22,40,141,67,74
145,30,21,12,9,21,13,8,6,4,2,6,4,2,6,4,2
145,35,23,15,8,22,14,8,13,8,5,13,8,5,3,2,1
145,98,314,192,122,314,192,122,2887,1836,1051,3092,1842,1250,481,325,156
145,161,54,31,23,93,53,40,115,68,47,132,75,57,7,5,2
145,203,101,79,22,154,120,34,94,50,44,130,78,52,106,64,42
145,23,2,2,0,2,1,1,3,2,1,3,2,1,1,1,0
145,15,26,4,22,24,4,20,29,23,6,67,44,23,23,15,8
145,55,50,18,32,49,17,32,102,39,63,193,80,113,23,13,10
145,103,380,117,263,115,32,83,40,4,36,91,14,77,155,49,106
145,107,48,24,24,48,26,22,107,74,33,99,65,34,239,157,82
145,111,451,50,401,333,133,200,42,10,32,138,99,39,202,57,145
145,154,169,122,47,100,25,75,136,76,60,38,1,37,102,85,17
145,165,35,33,2,30,15,15,89,87,2,174,148,26,47,28,19
145,211,5179,2577,2602,5234,2589,2645,620,68,552,638,57,581,542,108,434
145,217,278,152,126,256,180,76,72,10,62,1273,854,419,192,130,62
145,31,60,39,21,60,39,21,82,56,26,72,49,23,487,262,225
145,56,68,46,22,68,46,22,1059,747,312,949,690,259,345,244,101
145,95,831,493,338,831,493,338,433,267,166,433,267,166,438,239,199
145,162,198,129,69,169,110,59,814,487,327,871,516,355,96,46,50
145,169,106,78,28,99,68,31,66,28,38,50,32,18,265,157,108
145,170,13,9,4,12,2,10,89,62,27,81,57,24,10,4,6
145,187,152,103,49,197,133,64,44,32,12,49,36,13,96,70,26
145,59,1223,739,484,1223,740,483,859,497,362,859,497,362,593,301,292
145,73,101,80,21,100,79,21,358,261,97,358,262,96,477,324,153
145,96,21,10,11,20,9,11,75,43,32,75,43,32,29,5,24
145,101,86,19,67,1037,565,472,1398,727,671,712,117,595,105,16,89
145,114,15,14,1,13,13,0,47,36,11,45,33,12,22,17,5
145,120,4,3,1,9,5,4,57,37,20,46,27,19,20,14,6
145,153,284,169,115,556,355,201,634,415,219,2529,1419,1110,1383,837,546
145,199,665,375,290,306,164,142,1390,784,606,2778,1590,1188,1713,1012,701
145,218,4809,2533,2276,5378,2730,2648,8975,4838,4137,12890,6895,5995,7524,3109,4415
145,4,19,9,10,20,10,10,31,16,15,3,2,1,28,10,18
145,52,18,11,7,17,4,13,282,141,141,281,141,140,5,1,4
145,83,1261,595,666,1191,618,573,386,213,173,386,213,173,176,129,47
145,104,3618,816,2802,3619,817,2802,1601,860,741,1600,860,740,288,143,145
145,127,13,8,5,129,69,60,121,65,56,61,29,32,100,64,36
145,163,653,333,320,755,388,367,435,256,179,173,49,124,341,98,243
145,182,494,265,229,211,105,106,10,10,0,17,9,8,18,10,8
145,188,15,2,13,13,2,11,59,31,28,125,70,55,81,23,58
145,193,3182,1699,1483,10535,5408,5127,7233,4242,2991,11772,6414,5358,453,321,132
145,12,599,337,262,598,336,262,691,270,421,691,271,420,1229,616,613
145,19,13712,6697,7015,11548,5597,5951,18564,8947,9617,28001,14568,13433,27491,14063,13428
145,74,1113,188,925,1112,188,924,1926,1400,526,3008,1068,1940,3311,1447,1864
145,80,4498,3683,815,4499,3683,816,13778,6058,7720,13778,6058,7720,4641,2341,2300
145,119,11,5,6,11,5,6,4,1,3,6,1,5,8,4,4
145,121,19,5,14,52,24,28,136,68,68,101,51,50,1545,794,751
145,200,1196,924,272,1240,975,265,5020,1730,3290,5433,895,4538,4675,3221,1454
145,7,2,1,1,2,1,1,1,0,1,1,1,0,1,0,1
145,10,789,408,381,789,408,381,382,202,180,302,160,142,227,117,110
145,14,3,2,1,3,1,2,10,7,3,10,7,3,4,2,2
145,25,59,11,48,58,10,48,444,221,223,5365,2835,2530,255,107,148
145,38,14,12,2,15,12,3,3,2,1,2,2,0,1,0,1
145,61,1,0,1,1,0,1,1,1,0,2,2,0,1,0,1
145,62,64,40,24,64,40,24,70,63,7,74,65,9,31,20,11
145,86,107,47,60,106,47,59,121,53,68,120,52,68,29,9,20
145,164,2,1,1,4,2,2,13,5,8,18,9,9,1,1,0
145,174,2,2,0,5,3,2,2,2,0,1,1,0,1,1,0
145,186,0,0,0,0,0,0,350,170,180,351,171,180,29,13,16
145,50,49,29,20,116,66,50,155,95,60,285,171,114,23,12,11
145,65,18,12,6,18,12,6,1,1,0,2,1,1,1,1,0
145,88,3,1,2,3,2,1,17,6,11,16,6,10,18,10,8
145,94,2,1,1,1,1,0,1,1,0,2,1,1,2,2,0
145,133,232,143,89,270,165,105,96,24,72,68,47,21,553,396,157
145,148,24,13,11,67,27,40,72,29,43,16,9,7,19,10,9
145,157,11,8,3,18,11,7,145,101,44,158,110,48,71,48,23
145,8,67,42,25,66,41,25,212,110,102,212,109,103,1,0,1
145,24,12,5,7,12,6,6,151,81,70,151,82,69,54,29,25
145,28,89,38,51,90,38,52,222,70,152,201,35,166,673,477,196
145,42,90,54,36,89,54,35,121,44,77,122,44,78,258,136,122
145,46,42,14,28,42,13,29,33,13,20,25,23,2,23,16,7
145,63,34,19,15,34,19,15,62,38,24,164,87,77,259,142,117
145,160,61,36,25,72,40,32,85,48,37,48,28,20,50,29,21
145,197,309,170,139,381,206,175,448,251,197,440,241,199,519,285,234
145,225,21,3,18,25,7,18,25,7,18,26,6,20,36,19,17
145,37,4942,2669,2273,2102,1279,823,12778,4909,7869,6498,1663,4835,11528,5849,5679
145,220,2725,931,1794,1097,996,101,2960,1150,1810,1837,1684,153,1851,991,860
145,11,4630,3015,1615,7416,3696,3720,1220,1160,60,3120,2040,1080,2878,1399,1479
145,147,1051,789,262,2989,2072,917,501,257,244,106,67,39,443,236,207
145,49,1,1,0,0,0,0,3,2,1,3,2,1,2,2,0
145,36,0,0,0,0,0,0,160,96,64,33,18,15,15,10,5
145,68,0,0,0,0,0,0,0,0,0,129,97,32,9,7,2
145,137,0,0,0,0,0,0,0,0,0,138,28,110,17,4,13
145,54,0,0,0,0,0,0,0,0,0,8745,4427,4318,759,392,367
146,101,3,2,1,4,3,1,2,1,1,1,1,0,0,0,0
146,218,59,28,31,61,28,33,20,9,11,10,4,6,12,6,6
146,24,1,1,0,0,0,0,0,0,0,1,1,0,0,0,0
146,42,1,0,1,0,0,0,1,0,1,1,0,1,3,2,1
146,37,27,13,14,29,14,15,5,5,0,12,8,4,15,8,7
146,11,62,27,35,12,2,10,50,30,20,220,140,80,408,152,256
146,189,1,1,0,6,3,3,46,20,26,40,17,23,3,2,1
146,224,40,19,21,15,11,4,51,25,26,45,22,23,9,4,5
146,76,171,56,115,133,39,94,183,138,45,157,80,77,112,58,54
146,227,134,62,72,137,64,73,204,97,107,233,118,115,215,102,113
147,64,26,17,9,20,13,7,13,10,3,6,3,3,16,6,10
147,142,4,2,2,3,2,1,15,9,6,2,1,1,5,3,2
147,191,221,10,211,136,125,11,255,118,137,924,473,451,716,373,343
147,198,2,2,0,3,2,1,8,5,3,8,5,3,4,3,1
147,202,31,11,20,18,4,14,7,6,1,7,2,5,2,2,0
147,44,175,114,61,175,114,61,170,79,91,175,83,92,52,3,49
147,106,819,355,464,1170,503,667,199,112,87,185,66,119,125,68,57
147,166,519,286,233,698,400,298,403,207,196,579,546,33,266,148,118
147,30,37,22,15,36,21,15,4,3,1,4,3,1,4,3,1
147,124,107,49,58,198,80,118,398,196,202,600,310,290,92,75,17
147,161,20,11,9,8,4,4,131,76,55,142,80,62,5,3,2
147,185,258,136,122,394,198,196,731,371,360,872,443,429,552,286,266
147,203,245,37,208,209,135,74,440,213,227,298,126,172,313,136,177
147,205,12,6,6,14,7,7,10,10,0,30,13,17,3,1,2
147,23,2,1,1,2,1,1,4,3,1,4,3,1,1,0,1
147,125,2,1,1,2,1,1,3,2,1,8,6,2,8,7,1
147,194,12,10,2,14,8,6,27,7,20,56,28,28,1,1,0
147,55,10,3,7,9,3,6,20,8,12,37,14,23,4,2,2
147,107,25,11,14,24,10,14,35,24,11,32,21,11,77,50,27
147,211,99,40,59,101,41,60,8,0,8,8,0,8,8,2,6
147,31,4,2,2,3,2,1,5,3,2,4,2,2,21,12,9
147,56,4,3,1,4,3,1,51,37,14,46,34,12,61,51,10
147,95,61,33,28,60,33,27,28,16,12,27,15,12,10,9,1
147,162,11,7,4,8,5,3,27,16,11,31,17,14,4,2,2
147,170,15,5,10,15,2,13,47,27,20,48,28,20,1,0,1
147,187,9,6,3,12,8,4,3,2,1,3,2,1,7,5,2
147,59,118,90,28,118,90,28,103,59,44,103,60,43,84,36,48
147,73,18,17,1,18,18,0,57,46,11,57,46,11,71,47,24
147,96,24,6,18,25,6,19,6,5,1,6,5,1,3,1,2
147,101,488,229,259,862,434,428,509,338,171,172,38,134,48,11,37
147,102,7,4,3,6,4,2,15,7,8,15,7,8,4,3,1
147,114,3,3,0,3,3,0,1,0,1,2,0,2,3,2,1
147,153,39,16,23,11,11,0,49,43,6,162,113,49,106,79,27
147,199,94,61,33,43,26,17,183,152,31,192,142,50,124,80,44
147,218,7661,3809,3852,8467,4126,4341,1178,336,842,4041,2824,1217,7391,3249,4142
147,52,10,1,9,17,2,15,30,15,15,30,16,14,1,0,1
147,83,71,54,17,83,56,27,9,4,5,8,4,4,23,17,6
147,104,170,67,103,170,67,103,237,114,123,236,113,123,18,9,9
147,127,2,1,1,2,1,1,4,1,3,23,16,7,10,7,3
147,163,16,7,9,18,7,11,1,1,0,7,3,4,4,0,4
147,182,16,10,6,7,3,4,0,0,0,0,0,0,1,0,1
147,188,1,1,0,2,0,2,9,7,2,15,8,7,0,0,0
147,193,47,25,22,123,63,60,218,150,68,305,181,124,205,99,106
147,12,31,19,12,31,19,12,37,17,20,36,17,19,64,36,28
147,19,1,1,0,4,2,2,52,25,27,62,18,44,14,14,0
147,74,40,9,31,39,8,31,266,180,86,244,45,199,148,66,82
147,80,262,114,148,261,113,148,848,548,300,847,547,300,108,61,47
147,121,2,1,1,1,1,0,3,1,2,2,2,0,7,5,2
147,145,135,45,90,242,95,147,491,200,291,68,29,39,181,105,76
147,200,122,102,20,128,107,21,156,60,96,184,14,170,281,205,76
147,7,4,2,2,3,2,1,1,0,1,0,0,0,1,1,0
147,14,2,1,1,3,2,1,4,1,3,5,2,3,2,1,1
147,25,4,3,1,4,2,2,0,0,0,8,6,2,0,0,0
147,38,20,13,7,21,14,7,3,2,1,3,2,1,1,0,1
147,174,1,1,0,1,1,0,0,0,0,0,0,0,0,0,0
147,50,3,1,2,2,0,2,4,1,3,8,2,6,1,0,1
147,133,35,17,18,40,20,20,10,4,6,3,2,1,40,30,10
147,157,7,4,3,9,5,4,8,6,2,6,6,0,7,5,2
147,8,1,1,0,1,1,0,5,2,3,6,3,3,0,0,0
147,24,13,7,6,14,7,7,10,3,7,10,3,7,9,5,4
147,42,17,8,9,17,9,8,26,7,19,26,7,19,54,25,29
147,46,1,1,0,1,0,1,3,1,2,5,3,2,3,2,1
147,63,5,2,3,4,2,2,8,4,4,22,9,13,35,15,20
147,71,12,9,3,3,2,1,21,11,10,49,31,18,2,1,1
147,160,8,4,4,10,4,6,12,5,7,6,3,3,7,4,3
147,225,1,1,0,0,0,0,0,0,0,2,1,1,1,0,1
147,37,1004,468,536,1198,563,635,783,721,62,1393,1048,345,1359,737,622
147,220,3345,1386,1959,4112,1722,2390,2625,1115,1510,2938,880,2058,2359,863,1496
147,11,12612,5341,7271,54139,27191,26948,58520,30360,28160,94230,49650,44580,124461,62531,61930
147,72,166,82,84,175,90,85,322,159,163,40,25,15,18,13,5
147,146,15,7,8,16,7,9,8,4,4,9,5,4,7,4,3
147,158,88,75,13,654,325,329,374,247,127,314,199,115,24,24,0
147,189,1,1,0,6,3,3,31,15,16,24,11,13,6,3,3
147,224,11,1,10,8,0,8,78,39,39,48,23,25,14,7,7
147,110,4,4,0,3,3,0,9,7,2,10,7,3,5,4,1
147,143,3,2,1,2,1,1,2,1,1,1,0,1,1,1,0
147,3,4,3,1,4,3,1,249,126,123,248,125,123,10,6,4
147,49,79,42,37,85,44,41,118,54,64,109,49,60,234,107,127
147,76,9,3,6,8,3,5,5,3,2,4,0,4,6,3,3
147,151,41,14,27,40,13,27,8,3,5,7,4,3,3,3,0
147,177,427,207,220,417,196,221,110,64,46,224,118,106,58,35,23
147,207,2,1,1,13,11,2,6,3,3,64,18,46,21,7,14
147,68,0,0,0,0,0,0,0,0,0,11,9,2,1,1,0
147,28,0,0,0,0,0,0,0,0,0,271,218,53,55,44,11
148,191,40,6,34,20,2,18,8,2,6,33,12,21,23,9,14
148,55,1,0,1,1,1,0,2,1,1,5,3,2,1,1,0
148,31,2,1,1,2,2,0,5,4,1,4,4,0,4,4,0
148,56,2,2,0,2,2,0,2,1,1,1,1,0,5,2,3
148,95,4,1,3,3,1,2,4,1,3,4,2,2,2,0,2
148,170,7,1,6,8,1,7,8,4,4,5,2,3,1,1,0
148,59,43,19,24,43,19,24,31,12,19,31,12,19,8,0,8
148,73,18,6,12,18,7,11,25,14,11,24,13,11,37,10,27
148,96,1,0,1,1,0,1,1,0,1,1,1,0,6,1,5
148,101,6,3,3,10,5,5,0,0,0,3,2,1,0,0,0
148,114,0,0,0,0,0,0,1,0,1,0,0,0,0,0,0
148,153,22,17,5,41,20,21,26,8,18,32,8,24,34,20,14
148,199,59,23,36,28,10,18,91,48,43,154,69,85,142,75,67
148,218,93,29,64,97,30,67,58,33,25,82,43,39,45,17,28
148,83,6,6,0,5,5,0,67,34,33,67,34,33,8,6,2
148,104,179,51,128,179,51,128,370,128,242,369,128,241,28,14,14
148,193,238,105,133,773,354,419,1143,371,772,9736,2575,7161,5821,511,5310
148,12,15,7,8,14,7,7,17,5,12,17,5,12,30,12,18
148,19,1,1,0,1,1,0,17,6,11,11,10,1,50,12,38
148,74,16,0,16,16,1,15,49,4,45,126,23,103,49,15,34
148,80,47,33,14,45,32,13,427,177,250,427,177,250,51,22,29
148,145,62,25,37,70,26,44,72,30,42,65,23,42,76,38,38
148,200,86,44,42,89,46,43,45,6,39,87,16,71,90,58,32
148,10,29,13,16,29,14,15,13,6,7,12,5,7,5,2,3
148,14,1,0,1,1,0,1,1,0,1,1,1,0,1,1,0
148,38,267,118,149,267,117,150,205,96,109,205,96,109,5,2,3
148,53,144,67,77,144,66,78,3,1,2,26,6,20,28,9,19
148,62,46,16,30,46,17,29,114,60,54,116,61,55,15,6,9
148,105,7,4,3,6,3,3,4,2,2,4,1,3,3,1,2
148,164,23,11,12,26,13,13,110,52,58,160,78,82,5,2,3
148,50,32542,16966,15576,98390,47839,50551,82021,43677,38344,139702,64895,74807,11574,4657,6917
148,65,326,271,55,326,272,54,1479,827,652,1478,827,651,321,175,146
148,88,839,682,157,839,682,157,1020,738,282,1019,738,281,1118,649,469
148,94,68529,35979,32550,68505,35978,32527,119,24,95,119,24,95,160,105,55
148,133,286,29,257,372,48,324,262,69,193,138,115,23,1797,832,965
148,157,150,55,95,330,60,270,2852,1113,1739,3223,1338,1885,1917,779,1138
148,8,22,8,14,23,9,14,49,23,26,50,23,27,0,0,0
148,24,10,5,5,9,5,4,5,1,4,5,2,3,16,7,9
148,28,86,66,20,86,66,20,71,68,3,72,72,0,74,39,35
148,42,33,14,19,33,15,18,44,9,35,44,8,36,94,38,56
148,46,5,0,5,4,0,4,12,4,8,68,36,32,38,21,17
148,63,16,8,8,16,8,8,29,17,12,78,37,41,122,61,61
148,160,14,6,8,17,7,10,21,9,12,11,5,6,12,6,6
148,225,333,160,173,259,127,132,19,15,4,16,14,2,76,19,57
148,37,1531,724,807,1714,814,900,550,372,178,201,108,93,1044,476,568
148,220,21942,10692,11250,29734,14746,14988,9185,4996,4189,11998,3665,8333,15909,7171,8738
148,11,60,31,29,15,10,5,30,20,10,60,0,60,46,30,16
148,68,0,0,0,0,0,0,0,0,0,1,1,0,0,0,0
149,40,226,120,106,226,120,106,945,689,256,391,163,228,603,310,293
149,64,17,13,4,12,7,5,16,14,2,8,6,2,20,14,6
149,118,58,33,25,53,28,25,40,33,7,27,22,5,40,32,8
149,191,8,5,3,4,3,1,1,1,0,7,4,3,4,3,1
149,21,15744,9464,6280,15748,9460,6288,11660,7553,4107,11664,7553,4111,11157,7287,3870
149,32,2016,1025,991,342,283,59,174,155,19,1393,699,694,557,289,268
149,51,4905,3567,1338,4193,3149,1044,2350,1745,605,712,519,193,1836,1367,469
149,81,223,104,119,500,260,240,1915,1489,426,1714,1351,363,911,674,237
149,89,213,195,18,133,59,74,1427,468,959,1753,619,1134,559,237,322
149,117,26,25,1,32,26,6,590,191,399,265,210,55,168,64,104
149,126,1232,616,616,456,214,242,566,315,251,1153,615,538,279,145,134
149,130,15,12,3,16,10,6,7,4,3,3,2,1,2,1,1
149,150,4416,2335,2081,6010,3185,2825,15055,8230,6825,25581,13972,11609,26229,14245,11984
149,181,63,29,34,139,102,37,100,75,25,168,120,48,44,24,20
149,184,4,4,0,4,4,0,4,3,1,1,1,0,1,1,0
149,206,3746,2213,1533,8078,3500,4578,23950,11744,12206,14812,9388,5424,4403,3430,973
149,202,7,3,4,4,2,2,2,1,1,1,1,0,1,0,1
149,55,1,0,1,1,1,0,2,1,1,4,2,2,0,0,0
149,31,2,1,1,2,1,1,1,1,0,2,1,1,0,0,0
149,56,1,0,1,1,1,0,2,2,0,1,1,0,1,0,1
149,95,5,4,1,5,4,1,3,2,1,2,1,1,8,5,3
149,170,5,1,4,3,0,3,10,7,3,10,7,3,1,0,1
149,59,3,2,1,3,2,1,3,1,2,2,1,1,4,3,1
149,73,2,1,1,1,0,1,4,3,1,4,4,0,11,8,3
149,96,0,0,0,0,0,0,0,0,0,0,0,0,0,0,0
149,101,44,16,28,81,34,47,10,5,5,24,16,8,3,0,3
149,153,5,5,0,5,2,3,16,16,0,13,11,2,15,9,6
149,199,2,2,0,1,0,1,5,3,2,13,8,5,13,10,3
149,218,41,21,20,43,22,21,42,24,18,54,31,23,24,13,11
149,83,21,16,5,21,16,5,25,17,8,25,17,8,1,1,0
149,104,82,47,35,82,47,35,446,364,82,446,364,82,8,4,4
149,127,2,1,1,3,3,0,4,2,2,26,21,5,8,8,0
149,193,10,8,2,321,272,49,181,154,27,101,60,41,15,13,2
149,12,3,2,1,2,2,0,3,2,1,2,1,1,4,3,1
149,19,208,167,41,231,181,50,145,29,116,616,347,269,598,370,228
149,74,55,16,39,55,16,39,2767,1311,1456,501,351,150,416,205,211
149,80,296,266,30,295,265,30,72,11,61,71,11,60,31,24,7
149,145,24,16,8,28,18,10,266,239,27,83,75,8,33,25,8
149,200,36,27,9,38,27,11,10,3,7,16,1,15,29,23,6
149,38,10,10,0,11,11,0,1,1,0,1,1,0,1,1,0
149,8,0,0,0,0,0,0,0,0,0,0,0,0,0,0,0
149,24,0,0,0,1,1,0,0,0,0,0,0,0,0,0,0
149,42,4,2,2,4,2,2,1,0,1,2,0,2,5,1,4
149,37,76,36,40,79,38,41,247,147,100,274,163,111,85,48,37
149,11,8,8,0,7,7,0,0,0,0,0,0,0,11,11,0
149,36,0,0,0,0,0,0,10566,6925,3641,2157,1283,874,902,620,282
149,28,0,0,0,0,0,0,0,0,0,13,13,0,3,3,0
150,183,7,5,2,8,6,2,41,5,36,41,4,37,23,19,4
150,192,0,0,0,0,0,0,0,0,0,3635,2091,1544,178,40,138
150,230,12,8,4,10,7,3,125,89,36,245,98,147,455,200,255
150,36,7322,4337,2985,7323,4337,2986,11226,5198,6028,18973,7633,11340,6176,3624,2552
150,40,1282,682,600,1282,682,600,15359,8446,6913,374,156,218,576,296,280
150,66,30,15,15,29,15,14,69,38,31,68,38,30,72,41,31
150,77,1442,1045,397,2457,1780,677,1070,778,292,1722,1253,469,1407,1011,396
150,64,61,40,21,38,6,32,113,93,20,56,33,23,142,70,72
150,118,196,65,131,228,100,128,323,268,55,217,173,44,322,241,81
150,196,469,271,198,466,263,203,1619,833,786,9548,4931,4617,1386,709,677
150,210,3,2,1,14,8,6,5,2,3,292,150,142,124,65,59
150,27,79,40,39,98,51,47,137,71,66,138,72,66,184,94,90
150,142,64,35,29,99,60,39,270,167,103,38,22,16,82,48,34
150,191,6046,4518,1528,3198,2335,863,1369,1083,286,4885,3987,898,4670,3827,843
150,21,2167,1293,874,2167,1294,873,6865,4476,2389,6865,4476,2389,6567,4317,2250
150,32,619,289,330,640,312,328,579,267,312,564,251,313,226,105,121
150,34,30,16,14,30,17,13,251,115,136,250,114,136,25,11,14
150,51,5134,2452,2682,879,465,414,333,178,155,1542,788,754,1435,714,721
150,81,1336,643,693,1758,362,1396,6737,4257,2480,33735,19678,14057,10573,6430,4143
150,89,139,133,6,87,62,25,932,599,333,1145,751,394,365,254,111
150,117,56,55,1,59,51,8,1195,807,388,2209,1645,564,497,387,110
150,126,73,40,33,139,72,67,4692,2468,2224,4759,2498,2261,865,445,420
150,149,10006,3001,7005,9773,2900,6873,333,162,171,304,144,160,259,129,130
150,181,32,23,9,70,60,10,49,42,7,85,71,14,22,17,5
150,184,57,55,2,55,53,2,45,38,7,14,13,1,6,6,0
150,206,2192,1227,965,4187,1904,2283,10632,5434,5198,2818,2723,95,2627,1325,1302
150,106,1076,510,566,472,196,276,833,368,465,155,55,100,263,127,136
150,166,150,116,34,198,154,44,295,229,66,551,417,134,226,123,103
150,161,115,60,55,161,85,76,72,39,33,60,35,25,3,1,2
150,97,248,164,84,248,163,85,60,32,28,60,31,29,24,13,11
150,15,18,11,7,19,10,9,407,272,135,548,367,181,773,511,262
150,55,32,17,15,31,16,15,64,34,30,123,70,53,15,10,5
150,107,5,4,1,4,3,1,14,12,2,13,10,3,31,24,7
150,111,231,110,121,131,123,8,84,39,45,371,232,139,2926,1694,1232
150,165,57,14,43,71,7,64,698,536,162,1438,1210,228,1724,1435,289
150,211,100,87,13,102,87,15,8,7,1,12,9,3,588,335,253
150,217,398,291,107,504,361,143,2888,1929,959,7971,5638,2333,9394,6504,2890
150,31,7,5,2,7,6,1,14,11,3,12,10,2,23,20,3
150,56,8,7,1,8,7,1,242,207,35,220,190,30,112,88,24
150,95,315,198,117,315,198,117,188,132,56,188,132,56,284,116,168
150,162,41,35,6,35,31,4,116,103,13,122,111,11,14,14,0
150,169,2,1,1,0,0,0,0,0,0,0,0,0,228,65,163
150,170,180,27,153,173,5,168,79,20,59,70,7,63,15,12,3
150,187,29,28,1,39,36,3,9,8,1,9,9,0,19,17,2
150,59,170,113,57,169,113,56,280,163,117,280,164,116,290,183,107
150,73,76,66,10,75,65,10,603,491,112,602,491,111,1047,723,324
150,96,15,10,5,15,11,4,13,5,8,13,5,8,12,10,2
150,101,3705,1749,1956,6203,3127,3076,6788,3228,3560,3900,681,3219,461,43,418
150,114,2,2,0,2,2,0,4,3,1,2,2,0,2,2,0
150,120,0,0,0,2,2,0,13,13,0,12,12,0,4,4,0
150,153,64,36,28,44,12,32,170,101,69,428,240,188,737,419,318
150,199,103,72,31,48,33,15,743,581,162,1553,1024,529,1458,802,656
150,218,19184,9500,9684,20281,9962,10319,48093,25215,22878,58966,31361,27605,23760,10807,12953
150,52,0,0,0,0,0,0,15,9,6,14,8,6,0,0,0
150,83,140,61,79,167,74,93,524,271,253,524,272,252,103,83,20
150,104,7461,1736,5725,7461,1737,5724,14734,8303,6431,14734,8303,6431,1066,528,538
150,127,9,7,2,16,13,3,14,10,4,227,148,79,80,61,19
150,163,49,34,15,54,36,18,62,39,23,28,16,12,22,11,11
150,188,2,2,0,3,1,2,7,5,2,15,11,4,19,18,1
150,193,1180,910,270,1992,1534,458,20462,12286,8176,12514,7587,4927,5857,4727,1130
150,12,600,442,158,599,442,157,691,438,253,691,439,252,1231,863,368
150,19,6,4,2,34,21,13,894,355,539,781,295,486,1539,915,624
150,74,88,28,60,88,29,59,1100,442,658,1345,837,508,436,224,212
150,80,824,718,106,823,717,106,5430,2674,2756,5429,2674,2755,887,580,307
150,145,1170,738,432,1256,789,467,1131,526,605,1343,612,731,769,273,496
150,200,502,386,116,509,392,117,301,164,137,354,129,225,522,429,93
150,7,1,1,0,1,1,0,3,1,2,2,1,1,2,1,1
150,14,31,22,9,32,24,8,28,6,22,27,5,22,12,6,6
150,38,4,4,0,5,5,0,1,1,0,1,1,0,1,1,0
150,61,6,2,4,5,2,3,6,3,3,8,3,5,7,3,4
150,62,5,4,1,4,3,1,13,10,3,14,11,3,1,1,0
150,174,1,0,1,3,1,2,2,2,0,1,0,1,0,0,0
150,209,25,15,10,21,13,8,19,12,7,199,132,67,17,14,3
150,20,1,0,1,1,1,0,3,3,0,3,3,0,6,5,1
150,50,1,1,0,2,1,1,1,0,1,2,0,2,0,0,0
150,133,14,13,1,11,11,0,42,35,7,52,41,11,51,46,5
150,148,2,1,1,6,2,4,7,2,5,1,1,0,1,0,1
150,157,2,2,0,4,3,1,8,6,2,11,8,3,5,3,2
150,8,2,0,2,4,1,3,23,6,17,23,6,17,0,0,0
150,24,3,3,0,4,3,1,2,1,1,3,1,2,2,2,0
150,42,9,7,2,8,6,2,4,3,1,4,3,1,8,4,4
150,46,1,1,0,1,1,0,2,2,0,5,5,0,3,3,0
150,63,2,2,0,2,2,0,3,3,0,10,10,0,15,15,0
150,225,2,1,1,1,1,0,4,4,0,9,6,3,6,4,2
150,22,22,16,6,21,15,6,59,30,29,58,29,29,3,2,1
150,37,3583,1721,1862,3739,1797,1942,9642,5348,4294,10842,5994,4848,3622,1909,1713
150,220,37889,25251,12638,41701,27873,13828,44302,5025,39277,36327,16376,19951,31702,15212,16490
150,11,472,307,165,389,260,129,780,440,340,2090,1200,890,1692,1052,640
150,68,0,0,0,0,0,0,0,0,0,14,10,4,1,1,0
150,28,0,0,0,0,0,0,0,0,0,1109,823,286,226,168,58
151,191,8,3,5,4,1,3,1,1,0,7,5,2,4,3,1
151,24,41,21,20,40,20,20,40,21,19,40,20,20,0,0,0
151,42,2,1,1,1,0,1,1,0,1,1,0,1,2,0,2
151,11,124,43,81,103,33,70,120,100,20,180,90,90,169,73,96
151,147,445,246,199,106,77,29,542,267,275,102,53,49,173,88,85
151,49,1,1,0,0,0,0,3,2,1,3,2,1,2,2,0
151,177,0,0,0,1,1,0,1,1,0,0,0,0,0,0,0
152,191,11,7,4,5,3,2,1,1,0,9,8,1,6,6,0
152,170,14,6,8,5,1,4,111,55,56,113,57,56,1,1,0
152,83,5,3,2,5,3,2,2,1,1,2,1,1,0,0,0
152,42,0,0,0,1,1,0,1,0,1,2,1,1,3,2,1
152,11,3,1,2,3,2,1,0,0,0,0,0,0,11,11,0
152,87,79,51,28,78,50,28,91,51,40,92,51,41,19,9,10
152,134,12,1,11,15,11,4,6,4,2,3,2,1,2,1,1
152,156,66,28,38,55,27,28,66,20,46,14,13,1,6,6,0
153,64,12,11,1,11,8,3,17,12,5,8,2,6,21,3,18
153,118,33,32,1,27,26,1,49,37,12,27,18,9,37,22,15
153,27,5,4,1,7,4,3,109,61,48,110,61,49,111,60,51
153,142,4,1,3,4,2,2,15,5,10,3,1,2,5,1,4
153,191,98,31,67,27,12,15,90,30,60,330,132,198,255,105,150
153,106,21,1,20,13,6,7,12,3,9,24,8,16,2,0,2
153,161,460,232,228,616,312,304,288,149,139,246,136,110,11,6,5
153,203,80,30,50,73,44,29,96,56,40,45,22,23,57,28,29
153,16,2782,2522,260,2782,2523,259,1865,1709,156,1865,1709,156,777,720,57
153,194,13,11,2,14,8,6,29,9,20,59,30,29,1,1,0
153,55,21,6,15,20,6,14,42,14,28,80,28,52,10,5,5
153,107,23,10,13,22,10,12,23,16,7,22,14,8,52,34,18
153,211,1221,589,632,1229,590,639,100,10,90,104,9,95,89,18,71
153,18,7,3,4,7,3,4,2,1,1,3,2,1,3,1,2
153,31,20,11,9,19,11,8,26,15,11,23,14,9,85,38,47
153,56,12,7,5,12,7,5,36,33,3,29,29,0,41,24,17
153,95,338,124,214,337,123,214,186,81,105,185,80,105,26,18,8
153,162,66,39,27,55,32,23,614,283,331,645,295,350,57,17,40
153,169,58,25,33,60,29,31,0,0,0,1,1,0,47,27,20
153,170,59,28,31,17,7,10,252,134,118,271,144,127,14,5,9
153,187,194,78,116,250,100,150,55,27,28,61,30,31,120,61,59
153,59,2020,862,1158,2019,861,1158,1398,538,860,1397,537,860,877,282,595
153,70,53,36,17,31,15,16,24,17,7,19,8,11,6,1,5
153,73,65,7,58,67,8,59,395,208,187,394,208,186,518,207,311
153,96,77,40,37,76,40,36,85,48,37,84,47,37,25,22,3
153,101,103,46,57,193,94,99,23,12,11,57,40,17,6,1,5
153,114,15,13,2,15,12,3,71,49,22,69,46,23,31,21,10
153,120,6,5,1,11,7,4,594,320,274,510,260,250,175,103,72
153,199,6229,2432,3797,2868,1026,1842,2309,1824,485,1343,208,1135,740,283,457
153,218,2329,985,1344,2513,1042,1471,864,374,490,2021,926,1095,2003,684,1319
153,52,16,6,10,14,5,9,41,23,18,41,23,18,1,0,1
153,83,257,187,70,246,190,56,37,29,8,36,29,7,25,18,7
153,104,408,91,317,408,92,316,503,250,253,503,250,253,44,22,22
153,127,2,1,1,12,8,4,12,6,6,31,26,5,15,12,3
153,163,95,49,46,104,53,51,31,13,18,20,13,7,29,7,22
153,182,16,9,7,41,22,19,87,48,39,3,2,1,4,2,2
153,193,891,449,442,2629,1299,1330,5008,2623,2385,2914,1526,1388,1373,578,795
153,12,68,32,36,68,32,36,79,22,57,79,22,57,139,56,83
153,19,214,103,111,186,89,97,123,23,100,27,10,17,65,32,33
153,74,106,3,103,105,2,103,521,113,408,714,62,652,307,92,215
153,80,529,96,433,529,96,433,600,266,334,600,267,333,294,124,170
153,119,3,1,2,4,2,2,4,2,2,3,2,1,0,0,0
153,121,10,2,8,7,1,6,21,7,14,18,6,12,60,35,25
153,145,275,90,185,347,117,230,244,151,93,99,26,73,238,136,102
153,200,111,57,54,114,62,52,210,63,147,268,11,257,364,250,114
153,14,2,2,0,1,1,0,3,1,2,4,2,2,1,0,1
153,25,2,1,1,3,1,2,0,0,0,5,1,4,0,0,0
153,62,8,5,3,7,4,3,15,12,3,15,11,4,3,2,1
153,50,2,2,0,18,11,7,20,13,7,37,23,14,3,2,1
153,133,66,35,31,73,38,35,21,3,18,19,10,9,65,50,15
153,157,3,1,2,0,0,0,28,18,10,31,19,12,12,8,4
153,8,3,2,1,3,2,1,32,24,8,33,25,8,0,0,0
153,24,46,22,24,46,22,24,42,20,22,41,19,22,14,7,7
153,28,43,36,7,44,36,8,216,155,61,210,150,60,116,85,31
153,42,76,39,37,75,38,37,63,14,49,64,15,49,134,57,77
153,46,3,2,1,3,2,1,1,1,0,11,6,5,5,3,2
153,63,10,5,5,9,4,5,17,9,8,47,22,25,73,35,38
153,160,9,6,3,12,6,6,14,7,7,7,4,3,7,4,3
153,225,2,1,1,1,1,0,3,2,1,5,3,2,5,2,3
153,37,887,446,441,720,364,356,979,464,515,658,301,357,550,266,284
153,84,51,45,6,24,13,11,34,23,11,14,10,4,9,2,7
153,220,5763,2292,3471,4270,1597,2673,3163,1269,1894,2806,1463,1343,1601,625,976
153,11,789,368,421,589,263,326,390,30,360,180,100,80,831,225,606
153,68,0,0,0,0,0,0,0,0,0,150,102,48,11,8,3
154,64,35,17,18,8,2,6,76,60,16,37,18,19,95,35,60
154,118,150,70,80,175,93,82,184,155,29,129,105,24,191,148,43
154,191,13,4,9,6,2,4,2,1,1,10,6,4,6,4,2
154,202,11,5,6,6,3,3,2,0,2,1,0,1,2,1,1
154,161,135,67,68,200,99,101,23,12,11,10,7,3,7,5,2
154,194,38,31,7,40,22,18,80,21,59,164,79,85,5,4,1
154,55,7,4,3,6,3,3,13,7,6,26,16,10,3,3,0
154,107,117,38,79,115,39,76,344,236,108,319,210,109,763,497,266
154,115,52,8,44,52,8,44,76,26,50,77,26,51,31,18,13
154,195,208,124,84,207,124,83,365,152,213,366,153,213,92,55,37
154,211,8,3,5,10,4,6,0,0,0,0,0,0,0,0,0
154,31,1,1,0,0,0,0,1,1,0,0,0,0,1,1,0
154,95,1,0,1,2,1,1,3,1,2,3,1,2,7,3,4
154,170,14,2,12,11,0,11,7,1,6,6,0,6,1,1,0
154,59,6,2,4,6,2,4,3,2,1,2,1,1,10,5,5
154,73,2,1,1,0,0,0,2,0,2,2,1,1,7,3,4
154,101,17,9,8,31,16,15,2,1,1,9,6,3,1,0,1
154,153,5,4,1,15,8,7,6,2,4,9,6,3,20,15,5
154,199,1,0,1,1,0,1,13,5,8,17,9,8,15,11,4
154,218,827,491,336,846,501,345,452,176,276,649,297,352,377,185,192
154,83,2,1,1,0,0,0,1,0,1,1,0,1,0,0,0
154,104,1,1,0,1,1,0,6,4,2,6,4,2,2,1,1
154,193,2,1,1,38,21,17,21,12,9,6,3,3,31,19,12
154,12,3,2,1,2,1,1,3,1,2,2,1,1,4,2,2
154,19,0,0,0,0,0,0,4,3,1,5,3,2,2,0,2
154,74,1,0,1,0,0,0,67,51,16,22,5,17,8,4,4
154,145,82,39,43,90,41,49,67,36,31,13,11,2,169,101,68
154,200,20,11,9,21,11,10,8,3,5,11,2,9,13,10,3
154,50,0,0,0,0,0,0,1,1,0,2,2,0,0,0,0
154,24,0,0,0,2,1,1,0,0,0,1,1,0,0,0,0
154,42,13,9,4,13,8,5,1,0,1,1,0,1,2,1,1
154,37,267,129,138,274,133,141,476,276,200,538,311,227,184,100,84
154,11,143,84,59,132,77,55,520,300,220,410,250,160,290,113,177
154,28,0,0,0,0,0,0,0,0,0,19,11,8,4,2,2
155,131,2,1,1,4,1,3,75,29,46,81,34,47,24,15,9
155,140,256,178,78,134,86,48,13,1,12,36,14,22,47,27,20
155,183,6,3,3,6,3,3,7,6,1,8,7,1,3,2,1
155,215,4,4,0,463,348,115,6,5,1,20,9,11,6,5,1
155,219,110,65,45,28,16,12,72,47,25,18,12,6,33,22,11
155,64,20,2,18,49,20,29,86,67,19,43,21,22,108,39,69
155,118,341,227,114,365,254,111,290,237,53,187,146,41,278,201,77
155,27,30,17,13,48,26,22,151,83,68,153,84,69,173,93,80
155,116,42,24,18,51,28,23,4,2,2,4,2,2,5,3,2
155,142,11,9,2,16,15,1,46,41,5,7,6,1,14,12,2
155,191,946,833,113,1650,1361,289,836,631,205,2954,2326,628,2815,2227,588
155,81,4,2,2,5,1,4,21,13,8,18,12,6,10,6,4
155,202,34,9,25,19,0,19,17,15,2,13,11,2,55,23,32
155,43,677,378,299,678,378,300,363,345,18,364,346,18,577,447,130
155,44,588,352,236,587,351,236,572,223,349,589,234,355,220,32,188
155,57,18,9,9,17,8,9,24,11,13,23,10,13,16,9,7
155,106,2750,1259,1491,2681,1151,1530,2215,961,1254,585,208,377,879,353,526
155,136,1,1,0,2,2,0,0,0,0,2,2,0,2,2,0
155,166,1405,1380,25,1938,1904,34,1127,982,145,3006,2765,241,4531,4192,339
155,30,196,131,65,196,132,64,17,13,4,17,13,4,17,13,4
155,35,31,14,17,31,15,16,18,8,10,18,8,10,4,1,3
155,98,1857,868,989,1856,868,988,2684,1325,1359,2971,1238,1733,570,317,253
155,124,1276,214,1062,1747,498,1249,8701,4810,3891,10770,6149,4621,1156,973,183
155,141,486,481,5,705,688,17,609,428,181,269,178,91,127,87,40
155,161,394,145,249,576,246,330,390,197,193,351,186,165,8,5,3
155,185,13676,8968,4708,16196,10471,5725,31251,14373,16878,35344,16669,18675,20441,10223,10218
155,203,734,380,354,1110,561,549,468,239,229,291,123,168,87,24,63
155,205,17,8,9,19,9,10,14,13,1,40,17,23,4,2,2
155,226,40,20,20,96,50,46,172,101,71,152,73,79,101,53,48
155,0,9118,5146,3972,9118,5146,3972,10820,6107,4713,10821,6107,4714,300385,151970,148415
155,23,2,2,0,2,2,0,3,3,0,3,3,0,2,2,0
155,97,284023,160994,123029,284024,160994,123030,102924,54831,48093,102925,54831,48094,41170,21933,19237
155,99,1072,614,458,3657,1928,1729,8144,4828,3316,12401,7911,4490,287,287,0
155,125,13,3,10,10,9,1,8,6,2,29,26,3,34,30,4
155,144,363,327,36,520,128,392,317,264,53,861,244,617,24,18,6
155,194,75,73,2,76,45,31,158,55,103,327,190,137,12,9,3
155,15,4331,2977,1354,4403,2950,1453,17248,13736,3512,27604,21627,5977,427,126,301
155,55,54,50,4,53,49,4,110,102,8,208,193,15,25,24,1
155,100,94,26,68,108,70,38,174,130,44,27,17,10,62,32,30
155,107,610,202,408,609,193,416,1755,1319,436,1631,1193,438,3900,2829,1071
155,111,17003,9360,7643,26858,21845,5013,22580,18868,3712,63068,49330,13738,87003,54682,32321
155,115,284,130,154,284,130,154,390,189,201,390,188,202,235,198,37
155,154,23764,19568,4196,7059,6176,883,4907,4489,418,15460,14836,624,198431,181732,16699
155,165,29,27,2,25,13,12,51435,42424,9011,93431,81952,11479,11992,9052,2940
155,180,13840,10458,3382,15670,11589,4081,137935,106006,31929,214753,168886,45867,184347,106340,78007
155,211,391,232,159,394,233,161,32,10,22,33,10,23,43,15,28
155,217,67040,50395,16645,80032,59680,20352,78029,63106,14923,452499,362381,90118,27548,19618,7930
155,18,13,13,0,12,12,0,2,2,0,2,2,0,2,2,0
155,31,2,1,1,2,1,1,7,5,2,5,4,1,47,38,9
155,56,11,9,2,11,9,2,177,143,34,158,130,28,147,94,53
155,95,23,16,7,24,17,7,37,26,11,37,26,11,85,77,8
155,162,13,10,3,10,9,1,77,73,4,82,77,5,8,7,1
155,169,0,0,0,0,0,0,0,0,0,0,0,0,426,377,49
155,170,392,38,354,379,7,372,152,144,8,166,159,7,14,11,3
155,187,23,23,0,30,28,2,7,6,1,7,7,0,16,15,1
155,59,1552,743,809,1551,743,808,747,374,373,747,374,373,1501,872,629
155,73,98,60,38,97,60,37,532,379,153,531,378,153,1108,721,387
155,96,2,1,1,2,1,1,8,6,2,7,5,2,9,3,6
155,101,1301,616,685,2176,1100,1076,3201,2449,752,2054,1402,652,194,81,113
155,114,9,9,0,9,8,1,2,1,1,1,0,1,6,5,1
155,120,5,5,0,9,7,2,19,19,0,13,13,0,9,9,0
155,153,1097,246,851,1716,723,993,1942,866,1076,1995,954,1041,2173,1152,1021
155,199,455,247,208,210,109,101,1603,1163,440,5562,4464,1098,1449,139,1310
155,218,38856,19280,19576,43349,21250,22099,69812,36882,32930,100775,54566,46209,59382,27333,32049
155,83,3270,2809,461,3351,2918,433,10601,10186,415,10600,10186,414,732,709,23
155,104,8979,5365,3614,8978,5364,3614,30007,20563,9444,30006,20562,9444,958,472,486
155,127,10,4,6,17,7,10,16,7,9,73,41,32,43,25,18
155,163,290,259,31,312,278,34,543,276,267,313,106,207,166,85,81
155,188,2,1,1,4,2,2,6,4,2,4,4,0,6,5,1
155,193,973,792,181,2345,1892,453,25128,23196,1932,26177,20411,5766,15314,8017,7297
155,12,340,239,101,340,240,100,393,231,162,392,231,161,698,463,235
155,19,138,1,137,152,34,118,1094,705,389,847,393,454,3603,2945,658
155,74,504,218,286,503,217,286,392,217,175,5439,3394,2045,1796,1068,728
155,80,4582,857,3725,4581,857,3724,6360,3327,3033,6359,3327,3032,1672,1036,636
155,145,1711,1025,686,1999,1196,803,390,69,321,434,153,281,876,313,563
155,200,509,291,218,519,299,220,388,201,187,454,135,319,663,526,137
155,7,3,1,2,4,2,2,0,0,0,0,0,0,0,0,0
155,14,2,1,1,2,1,1,5,3,2,6,3,3,0,0,0
155,38,40,26,14,40,25,15,7,4,3,6,4,2,2,1,1
155,62,19,15,4,18,15,3,64,57,7,64,57,7,4,3,1
155,174,2,1,1,4,2,2,2,2,0,1,0,1,0,0,0
155,50,1,0,1,2,2,0,2,2,0,4,4,0,0,0,0
155,88,2,1,1,3,1,2,4,2,2,3,2,1,3,1,2
155,133,30,28,2,34,30,4,22,17,5,35,26,9,54,46,8
155,157,2,2,0,6,4,2,8,4,4,12,7,5,13,7,6
155,8,0,0,0,0,0,0,2,2,0,3,3,0,0,0,0
155,24,13,6,7,13,5,8,6,5,1,5,5,0,3,2,1
155,28,23,4,19,22,3,19,43,22,21,40,21,19,52,30,22
155,42,58,52,6,58,53,5,30,21,9,30,20,10,65,53,12
155,46,1,1,0,1,0,1,2,1,1,4,3,1,3,2,1
155,63,2,2,0,2,2,0,4,4,0,10,9,1,16,15,1
155,160,6,5,1,8,6,2,9,6,3,5,4,1,5,4,1
155,225,1,1,0,0,0,0,0,0,0,2,2,0,1,1,0
155,22,5,2,3,4,2,2,8,4,4,7,4,3,0,0,0
155,37,28513,13698,14815,29766,14309,15457,33679,18667,15012,40654,22333,18321,18431,9443,8988
155,220,62635,41049,21586,68953,45329,23624,68353,18868,49485,33732,14368,19364,37593,17973,19620
155,11,2758,1507,1251,2243,1223,1020,5870,3360,2510,13780,9100,4680,13349,7350,5999
155,147,62,34,28,1193,571,622,831,403,428,444,213,231,403,192,211
155,72,88,55,33,74,42,32,194,121,73,121,75,46,53,38,15
155,68,0,0,0,0,0,0,0,0,0,32,27,5,2,2,0
156,161,519,234,285,664,295,369,590,261,329,562,255,307,2,1,1
156,56,0,0,0,0,0,0,0,0,0,0,0,0,0,0,0
156,114,0,0,0,0,0,0,1,0,1,0,0,0,0,0,0
156,83,2,0,2,2,0,2,90,76,14,90,76,14,6,5,1
156,104,2,0,2,2,0,2,1,1,0,0,0,0,0,0,0
156,12,0,0,0,0,0,0,0,0,0,0,0,0,0,0,0
156,19,0,0,0,0,0,0,0,0,0,0,0,0,0,0,0
156,42,1,1,0,0,0,0,0,0,0,0,0,0,3,2,1
156,37,2,1,1,3,2,1,5,2,3,5,3,2,0,0,0
156,87,52,20,32,51,20,31,125,88,37,127,89,38,12,6,6
156,134,36,0,36,62,43,19,22,16,6,11,7,4,5,2,3
156,152,134,20,114,60,20,40,106,87,19,402,222,180,66,29,37
156,28,0,0,0,0,0,0,0,0,0,20,12,8,4,2,2
157,191,23,7,16,11,3,8,4,2,2,18,9,9,11,6,5
157,55,2,1,1,2,2,0,4,3,1,8,6,2,1,1,0
157,31,0,0,0,2,1,1,1,1,0,1,1,0,1,0,1
157,56,2,1,1,1,1,0,10,7,3,9,6,3,15,9,6
157,95,5,2,3,5,3,2,4,3,1,4,3,1,9,5,4
157,162,5,2,3,4,3,1,4,0,4,5,0,5,1,0,1
157,170,13,2,11,11,0,11,19,11,8,18,11,7,1,0,1
157,59,6,4,2,6,4,2,16,6,10,16,7,9,14,1,13
157,73,3,2,1,3,2,1,5,2,3,5,2,3,5,2,3
157,96,1,1,0,0,0,0,2,1,1,2,2,0,1,1,0
157,101,6,2,4,10,4,6,2,1,1,3,2,1,0,0,0
157,114,0,0,0,0,0,0,0,0,0,0,0,0,0,0,0
157,153,9,3,6,6,1,5,9,4,5,16,4,12,8,6,2
157,199,30,15,15,14,6,8,20,2,18,42,14,28,40,17,23
157,218,201,77,124,207,80,127,81,36,45,128,58,70,84,30,54
157,83,76,52,24,73,53,20,12,12,0,11,11,0,7,5,2
157,104,219,27,192,218,27,191,221,87,134,220,87,133,26,13,13
157,163,40,18,22,44,19,25,38,17,21,51,23,28,4,1,3
157,193,171,83,88,778,369,409,935,398,537,1261,527,734,135,125,10
157,12,5,2,3,4,2,2,5,1,4,5,2,3,9,4,5
157,19,1,1,0,1,0,1,11,4,7,3,2,1,21,6,15
157,74,12,2,10,11,1,10,16,6,10,87,37,50,39,15,24
157,80,48,9,39,46,8,38,222,93,129,221,92,129,24,10,14
157,145,47,24,23,53,26,27,42,14,28,19,4,15,56,29,27
157,200,44,25,19,46,26,20,16,0,16,58,17,41,67,45,22
157,14,2,0,2,3,1,2,17,4,13,17,5,12,4,1,3
157,38,49,26,23,49,25,24,8,3,5,7,3,4,2,1,1
157,53,44,19,25,45,19,26,1,0,1,8,2,6,9,3,6
157,62,78,36,42,77,36,41,66,47,19,71,50,21,40,21,19
157,105,4,2,2,3,2,1,2,1,1,2,0,2,2,1,1
157,164,212,99,113,207,98,109,350,166,184,487,235,252,304,141,163
157,174,4,3,1,6,3,3,3,1,2,2,1,1,1,1,0
157,50,1040,454,586,2786,1443,1343,4237,2318,1919,5049,2563,2486,452,202,250
157,65,101,49,52,102,49,53,40,18,22,39,18,21,18,8,10
157,88,42,8,34,44,9,35,36,26,10,35,25,10,39,22,17
157,94,53,27,26,53,27,26,6,2,4,6,1,5,8,6,2
157,133,11919,6077,5842,11326,5741,5585,430,195,235,200,83,117,10,5,5
157,148,91,46,45,28,12,16,23,14,9,24,15,9,29,17,12
157,8,37,28,9,35,27,8,89,48,41,89,47,42,1,1,0
157,24,9,3,6,8,3,5,5,2,3,6,2,4,15,8,7
157,28,207,121,86,208,121,87,34,8,26,31,3,28,105,68,37
157,42,77,36,41,76,35,41,95,21,74,96,22,74,203,87,116
157,46,107,50,57,108,50,58,115,47,68,186,108,78,138,77,61
157,63,40,21,19,39,20,19,72,42,30,191,92,99,301,151,150
157,160,31,17,14,37,18,19,43,21,22,24,13,11,25,13,12
157,225,267,116,151,227,102,125,51,30,21,49,28,21,12,4,8
157,37,667,319,348,710,340,370,63,13,50,111,90,21,302,153,149
157,220,7808,4163,3645,11632,6198,5434,2109,801,1308,1765,1305,460,5629,2603,3026
157,11,20,17,3,12,11,1,20,10,10,40,30,10,96,17,79
158,191,23,6,17,11,3,8,4,2,2,18,8,10,15,8,7
158,161,158,70,88,206,92,114,162,73,89,152,71,81,1,0,1
158,31,1,1,0,0,0,0,1,1,0,0,0,0,0,0,0
158,56,1,0,1,0,0,0,1,1,0,1,1,0,1,1,0
158,95,1,0,1,0,0,0,0,0,0,0,0,0,2,1,1
158,59,2,2,0,1,1,0,1,0,1,2,1,1,3,2,1
158,73,1,1,0,1,1,0,3,1,2,2,0,2,4,2,2
158,96,1,0,1,0,0,0,0,0,0,1,0,1,4,2,2
158,101,4,1,3,8,3,5,0,0,0,2,1,1,0,0,0
158,199,3,1,2,2,1,1,2,2,0,2,1,1,7,5,2
158,218,433,198,235,443,202,241,18,9,9,64,35,29,130,54,76
158,83,1,0,1,1,1,0,2,2,0,3,2,1,0,0,0
158,104,6,2,4,5,1,4,9,3,6,9,4,5,0,0,0
158,193,2,1,1,44,31,13,24,17,7,5,0,5,1,0,1
158,12,4,2,2,4,3,1,5,2,3,5,2,3,9,5,4
158,19,0,0,0,0,0,0,0,0,0,2,2,0,0,0,0
158,74,4,1,3,3,1,2,65,41,24,25,4,21,2,1,1
158,145,0,0,0,0,0,0,131,59,72,3,2,1,4,1,3
158,200,10,7,3,12,7,5,19,8,11,23,2,21,38,29,9
158,24,1,0,1,0,0,0,0,0,0,2,1,1,0,0,0
158,42,2,1,1,2,1,1,1,0,1,1,0,1,3,2,1
158,37,93,44,49,98,47,51,102,40,62,126,51,75,62,28,34
158,147,400,193,207,443,190,253,82,39,43,110,53,57,90,42,48
158,189,12,5,7,51,25,26,247,117,130,197,91,106,39,21,18
158,224,22,11,11,2,1,1,6,2,4,7,4,3,1,0,1
158,49,1,1,0,0,0,0,3,0,3,3,0,3,2,1,1
158,177,17,7,10,17,6,11,4,2,2,6,2,4,1,1,0
158,68,0,0,0,0,0,0,0,0,0,1,1,0,0,0,0
159,191,44,13,31,22,5,17,9,4,5,36,18,18,26,14,12
159,55,1,0,1,1,0,1,2,0,2,4,0,4,0,0,0
159,31,1,1,0,0,0,0,1,1,0,0,0,0,0,0,0
159,56,4,2,2,3,1,2,9,8,1,7,7,0,4,2,2
159,95,5,1,4,4,1,3,3,1,2,3,1,2,5,1,4
159,169,0,0,0,0,0,0,0,0,0,0,0,0,26,5,21
159,170,13,3,10,9,1,8,45,19,26,45,20,25,0,0,0
159,59,13,6,7,13,6,7,6,2,4,6,2,4,6,0,6
159,73,0,0,0,1,1,0,4,2,2,4,2,2,13,9,4
159,96,1,1,0,0,0,0,1,1,0,2,1,1,2,1,1
159,101,9,2,7,17,6,11,2,1,1,5,3,2,1,0,1
159,114,0,0,0,1,1,0,1,0,1,0,0,0,1,1,0
159,153,5,1,4,19,13,6,25,7,18,38,15,23,14,2,12
159,199,19,9,10,9,3,6,17,3,14,33,8,25,23,4,19
159,218,205,89,116,211,91,120,96,38,58,145,63,82,89,33,56
159,83,25,17,8,27,17,10,13,5,8,12,4,8,4,3,1
159,104,262,39,223,262,40,222,1030,358,672,1029,358,671,66,33,33
159,163,8,3,5,9,3,6,15,6,9,10,4,6,6,1,5
159,193,183,81,102,654,288,366,14898,5462,9436,63445,20426,43019,19581,10104,9477
159,12,17,9,8,16,8,8,19,6,13,18,6,12,34,15,19
159,19,0,0,0,2,0,2,33,9,24,40,10,30,64,13,51
159,74,25,4,21,24,4,20,105,71,34,256,128,128,78,32,46
159,80,145,25,120,143,24,119,2047,909,1138,2046,909,1137,170,72,98
159,145,36,13,23,42,15,27,13,0,13,12,2,10,24,10,14
159,200,155,71,84,158,73,85,92,19,73,141,17,124,152,100,52
159,62,7,4,3,7,4,3,25,18,7,26,18,8,1,0,1
159,50,10,4,6,15,3,12,22,7,15,41,13,28,3,0,3
159,65,10,5,5,11,5,6,2,1,1,2,0,2,0,0,0
159,88,17,8,9,17,7,10,7,3,4,6,3,3,8,5,3
159,94,0,0,0,1,1,0,0,0,0,1,0,1,1,1,0
159,133,68,28,40,65,19,46,65,22,43,112,42,70,261,151,110
159,157,3,1,2,0,0,0,32,13,19,36,14,22,19,8,11
159,8,28921,12040,16881,28922,12042,16880,136683,62579,74104,136683,62579,74104,90592,40115,50477
159,24,1043,549,494,1020,536,484,226,110,116,219,107,112,604,311,293
159,28,3749,1738,2011,3748,1738,2010,5255,2316,2939,4765,2066,2699,7946,3662,4284
159,42,279,141,138,278,140,138,226,43,183,226,43,183,480,192,288
159,46,28,23,5,26,22,4,16,15,1,17,4,13,14,8,6
159,63,10,5,5,10,6,4,18,11,7,48,24,24,75,39,36
159,160,49,24,25,58,27,31,68,32,36,39,19,20,40,19,21
159,222,434,238,196,797,418,379,140,56,84,159,65,94,124,50,74
159,225,65,33,32,55,29,26,13,4,9,11,3,8,3,2,1
159,37,78,27,51,192,83,109,1068,561,507,1430,746,684,878,433,445
159,220,2780,947,1833,3143,1084,2059,8757,2973,5784,9012,2679,6333,1107,415,692
159,11,66,20,46,47,12,35,40,20,20,20,20,0,46,1,45
160,191,75,27,48,39,13,26,16,8,8,61,33,28,46,26,20
160,34,0,0,0,2,1,1,0,0,0,1,0,1,0,0,0
160,43,3754,1984,1770,3755,1984,1771,1118,1060,58,1119,1061,58,1767,1334,433
160,57,120,57,63,120,58,62,74,39,35,73,39,34,48,26,22
160,106,26486,12410,14076,9406,3683,5723,5358,2141,3217,3104,1101,2003,5799,2791,3008
160,161,221,107,114,285,137,148,208,100,108,194,96,98,1,1,0
160,55,4,1,3,3,1,2,7,2,5,13,5,8,2,1,1
160,103,372,170,202,315,152,163,504,244,260,526,252,274,74,27,47
160,211,18,7,11,19,7,12,1,0,1,1,0,1,2,1,1
160,31,3,1,2,2,1,1,4,2,2,4,3,1,5,5,0
160,56,8,6,2,8,6,2,72,41,31,63,36,27,49,39,10
160,95,39,14,25,38,13,25,35,19,16,35,20,15,23,15,8
160,162,21,16,5,17,14,3,9,6,3,10,9,1,4,2,2
160,170,118,18,100,113,3,110,158,102,56,166,109,57,6,4,2
160,187,12,8,4,18,12,6,5,3,2,5,4,1,10,6,4
160,59,151,60,91,151,60,91,222,58,164,222,59,163,115,32,83
160,73,37,23,14,36,22,14,132,61,71,132,62,70,187,65,122
160,96,10,4,6,9,3,6,17,5,12,17,6,11,3,1,2
160,101,43,13,30,80,29,51,13,7,6,24,15,9,3,0,3
160,114,2,2,0,2,1,1,2,1,1,1,1,0,2,1,1
160,153,140,63,77,131,52,79,244,78,166,378,104,274,315,141,174
160,199,665,304,361,306,131,175,983,421,562,1224,515,709,827,417,410
160,218,1664,576,1088,1702,586,1116,1287,476,811,1713,666,1047,854,254,600
160,52,5,1,4,9,1,8,22,9,13,22,9,13,1,1,0
160,83,54,38,16,57,38,19,65,23,42,64,23,41,14,10,4
160,104,16928,6034,10894,16928,6035,10893,34660,14674,19986,34659,14674,19985,2556,1268,1288
160,127,2,1,1,2,1,1,3,1,2,11,2,9,6,3,3
160,163,68,25,43,75,28,47,45,23,22,11,8,3,24,2,22
160,182,33,13,20,14,4,10,0,0,0,1,1,0,2,1,1
160,188,3,2,1,5,3,2,7,4,3,20,12,8,8,0,8
160,193,6778,2843,3935,16578,7136,9442,59111,27778,31333,96532,48177,48355,14298,12625,1673
160,12,119,51,68,119,51,68,138,29,109,137,28,109,245,85,160
160,19,4,2,2,22,8,14,279,77,202,140,65,75,277,90,187
160,74,256,29,227,256,30,226,1404,704,700,978,134,844,882,324,558
160,80,1835,392,1443,1834,391,1443,4996,1639,3357,4996,1640,3356,619,207,412
160,121,5,2,3,4,2,2,12,1,11,10,1,9,34,15,19
160,145,397,132,265,447,147,300,848,258,590,721,168,553,454,120,334
160,200,836,438,398,858,456,402,811,117,694,1471,258,1213,1452,912,540
160,10,399,212,187,399,212,187,80,27,53,59,15,44,56,28,28
160,14,8,5,3,6,4,2,126,56,70,125,55,70,24,9,15
160,38,5,1,4,6,1,5,1,0,1,2,1,1,1,0,1
160,53,46,23,23,47,24,23,0,0,0,9,3,6,9,3,6
160,62,221,112,109,220,112,108,533,297,236,546,305,241,75,45,30
160,92,62,39,23,62,40,22,86,54,32,85,53,32,81,50,31
160,164,213,102,111,216,102,114,207,98,109,322,156,166,83,38,45
160,50,180,94,86,842,413,429,996,531,465,1835,949,886,150,68,82
160,65,37,19,18,37,18,19,26,17,9,26,17,9,10,6,4
160,88,39,34,5,39,35,4,55,40,15,54,40,14,60,37,23
160,94,9,6,3,7,5,2,5,1,4,6,2,4,8,6,2
160,133,1159,463,696,1339,566,773,214,53,161,515,372,143,2967,1551,1416
160,148,45,26,19,9,7,2,14,9,5,13,8,5,16,10,6
160,157,389,214,175,527,289,238,404,197,207,553,302,251,636,353,283
160,8,34522,12981,21541,34523,12982,21541,41926,20590,21336,41925,20590,21335,26058,11770,14288
160,24,1168,658,510,1080,607,473,251,207,44,250,196,54,1591,919,672
160,28,2562,1648,914,2562,1648,914,2118,1235,883,1932,1116,816,3041,1847,1194
160,42,14204,5147,9057,14204,5148,9056,58654,23500,35154,58654,23500,35154,25617,23178,2439
160,46,446,285,161,446,286,160,121,99,22,799,518,281,336,219,117
160,63,1558,1027,531,1557,1026,531,1026,665,361,2714,1533,1181,4283,2487,1796
160,75,35,11,24,35,11,24,20,8,12,20,9,11,87,39,48
160,222,315,134,181,136,74,62,235,122,113,771,266,505,423,159,264
160,225,3338,1752,1586,3375,1724,1651,3498,2120,1378,3761,2305,1456,3400,1636,1764
160,37,3291,1562,1729,3631,1729,1902,3846,1304,2542,5155,1934,3221,3166,1387,1779
160,220,62763,28028,34735,71224,32271,38953,62536,29518,33018,66713,4567,62146,35180,13159,22021
160,11,1133,502,631,842,388,454,930,400,530,2920,1390,1530,1235,434,801
160,70,0,0,0,1,0,1,1,0,1,3,2,1,10,3,7
160,68,0,0,0,0,0,0,0,0,0,15,8,7,1,1,0
160,54,0,0,0,0,0,0,0,0,0,97,42,55,8,4,4
161,183,168,44,124,169,44,125,230,173,57,228,172,56,77,64,13
161,64,80,23,57,92,1,91,153,92,61,76,6,70,254,31,223
161,118,637,274,363,680,327,353,668,499,169,336,205,131,498,249,249
161,142,16,4,12,23,7,16,69,27,42,10,3,7,21,7,14
161,191,563,467,96,333,317,16,122,42,80,443,177,266,424,175,249
161,81,2,1,1,2,0,2,9,5,4,8,4,4,4,2,2
161,43,12235,6081,6154,12236,6081,6155,6227,5830,397,6228,5831,397,9577,6611,2966
161,44,9169,563,8606,9168,562,8606,16543,3804,12739,16761,3784,12977,15431,8935,6496
161,45,2358,678,1680,2284,664,1620,2235,810,1425,2258,603,1655,837,173,664
161,57,328,158,170,327,157,170,443,200,243,442,199,243,269,114,155
161,106,26212,11134,15078,69564,30780,38784,53359,23367,29992,11940,4234,7706,1580,759,821
161,136,4,3,1,4,3,1,45,38,7,56,47,9,14,9,5
161,166,7461,3939,3522,9989,5523,4466,4891,3559,1332,13935,8258,5677,6253,2088,4165
161,30,2389,1038,1351,2388,1037,1351,281,162,119,281,162,119,281,162,119
161,35,115,59,56,115,60,55,66,31,35,66,31,35,17,8,9
161,98,1175,575,600,1175,576,599,1183,727,456,1331,712,619,279,178,101
161,124,18386,10022,8364,31311,15889,15422,72489,38632,33857,61140,31536,29604,934,785,149
161,185,1305,280,1025,1547,300,1247,4168,558,3610,4625,626,3999,2572,383,2189
161,203,120,26,94,118,55,63,69,6,63,74,46,28,70,30,40
161,205,38,3,35,44,4,40,58,58,0,159,77,82,10,4,6
161,226,17,10,7,41,25,16,10,8,2,14,8,6,19,11,8
161,23,1,1,0,2,2,0,3,2,1,3,2,1,1,1,0
161,125,66,48,18,81,33,48,369,237,132,493,340,153,411,342,69
161,15,2272,1782,490,2302,1750,552,12164,9694,2470,17609,13626,3983,5778,4098,1680
161,55,762,10,752,762,10,752,1519,52,1467,2894,236,2658,337,95,242
161,107,1210,32,1178,1209,50,1159,2072,912,1160,1925,758,1167,4605,1757,2848
161,111,9421,2740,6681,13640,12433,1207,17421,15700,1721,36455,29079,7376,68680,42746,25934
161,115,546,69,477,545,68,477,460,73,387,460,72,388,922,366,556
161,154,1250,377,873,952,92,860,3912,1393,2519,5580,2352,3228,70045,49655,20390
161,165,6870,5724,1146,841,551,290,9675,7217,2458,53695,48124,5571,40533,35678,4855
161,180,5956,3687,2269,7007,132,6875,59353,43587,15766,92407,59638,32769,84157,31536,52621
161,211,200,69,131,203,69,134,19,1,18,21,2,19,21,7,14
161,217,31733,24015,7718,37020,27056,9964,73758,61567,12191,271445,213045,58400,81641,60738,20903
161,31,7,1,6,5,0,5,8,0,8,6,0,6,15,2,13
161,56,5,2,3,4,1,3,160,67,93,146,66,80,172,65,107
161,95,85,15,70,85,16,69,40,10,30,40,10,30,39,18,21
161,162,10,4,6,8,4,4,74,8,66,79,9,70,9,1,8
161,170,25,5,20,23,1,22,34,19,15,34,20,14,3,1,2
161,187,8,3,5,11,3,8,3,1,2,2,1,1,6,2,4
161,59,979,219,760,978,219,759,2734,306,2428,2733,305,2428,1486,143,1343
161,70,3,2,1,5,1,4,13,3,10,28,6,22,69,9,60
161,73,185,57,128,185,58,127,655,188,467,655,188,467,1566,382,1184
161,96,270,69,201,270,69,201,381,152,229,380,151,229,145,69,76
161,101,1967,923,1044,3473,1754,1719,5339,2119,3220,3436,458,2978,323,3,320
161,114,0,0,0,1,1,0,1,0,1,2,1,1,1,0,1
161,153,1134,255,879,1012,220,792,2317,460,1857,5443,975,4468,7135,1659,5476
161,199,801,161,640,369,58,311,1754,394,1360,2612,561,2051,2422,632,1790
161,218,8481,1976,6505,8984,2041,6943,39533,16033,23500,45910,18610,27300,15334,4216,11118
161,4,76,39,37,75,39,36,95,51,44,51,27,24,44,19,25
161,52,0,0,0,0,0,0,38,8,30,37,7,30,2,1,1
161,83,2648,113,2535,2508,222,2286,1298,564,734,1297,564,733,428,307,121
161,104,10208,8354,1854,10207,8354,1853,28910,13918,14992,28910,13919,14991,3077,1526,1551
161,127,16,5,11,29,8,21,26,10,16,281,23,258,113,39,74
161,163,86,15,71,93,16,77,113,27,86,53,15,38,56,8,48
161,182,28,4,24,13,2,11,0,0,0,1,1,0,2,1,1
161,188,2,1,1,4,1,3,7,1,6,52,8,44,44,11,33
161,193,1832,740,1092,6356,2485,3871,7053,2933,4120,14940,5490,9450,2471,615,1856
161,12,978,424,554,978,424,554,1129,240,889,1129,240,889,2009,714,1295
161,19,30,19,11,67,5,62,109,31,78,89,40,49,1107,283,824
161,74,300,21,279,300,21,279,2150,853,1297,3429,467,2962,1150,261,889
161,80,1505,561,944,1504,561,943,15358,4827,10531,15358,4828,10530,1874,475,1399
161,119,0,0,0,1,0,1,17,2,15,19,2,17,2,0,2
161,121,10,3,7,7,2,5,28,3,25,26,3,23,67,23,44
161,145,1717,361,1356,1877,390,1487,1990,477,1513,1975,415,1560,1745,477,1268
161,200,963,547,416,993,572,421,1131,40,1091,2623,687,1936,1999,1121,878
161,10,269,134,135,268,134,134,109,22,87,91,13,78,50,25,25
161,14,39,9,30,40,11,29,444,226,218,444,226,218,86,38,48
161,38,39,26,13,39,26,13,809,424,385,809,424,385,22,13,9
161,62,13,7,6,12,6,6,46,30,16,46,30,16,3,2,1
161,164,15,8,7,17,8,9,67,32,35,96,47,49,3,2,1
161,209,18,8,10,15,7,8,13,6,7,137,73,64,12,9,3
161,50,1,1,0,35,12,23,37,15,22,68,25,43,6,2,4
161,65,7,4,3,7,4,3,1,0,1,0,0,0,1,1,0
161,88,13,4,9,13,5,8,11,1,10,12,2,10,9,3,6
161,133,129,47,82,143,54,89,16,5,11,47,31,16,189,127,62
161,157,100,95,5,121,114,7,438,417,21,481,458,23,238,225,13
161,8,3,0,3,3,0,3,32,10,22,32,9,23,0,0,0
161,24,12,5,7,11,5,6,2,2,0,3,2,1,7,3,4
161,42,53,51,2,52,50,2,37,23,14,38,24,14,80,58,22
161,46,8,6,2,8,6,2,3,3,0,15,10,5,6,3,3
161,63,5,3,2,5,4,1,9,7,2,25,17,8,39,27,12
161,160,29,21,8,34,23,11,40,27,13,23,16,7,24,17,7
161,225,2,0,2,3,2,1,6,3,3,8,3,5,9,2,7
161,22,50,12,38,50,12,38,107,75,32,107,76,31,5,2,3
161,37,57200,27320,29880,61373,29359,32014,114971,37462,77509,136106,47115,88991,57367,23179,34188
161,84,6,1,5,1,0,1,3,2,1,42,17,25,78,32,46
161,220,205347,80620,124727,251049,100487,150562,181951,75382,106569,200960,60473,140487,144050,51572,92478
161,11,12912,4185,8727,8718,2438,6280,22360,9190,13170,49210,19970,29240,38560,18145,20415
161,147,2433,868,1565,3048,2771,277,4757,2302,2455,12285,5932,6353,11854,5715,6139
161,158,115,82,33,517,235,282,188,174,14,258,168,90,22,21,1
161,189,1,1,0,6,5,1,32,21,11,29,15,14,9,5,4
161,87,4049,1779,2270,4049,1779,2270,1798,653,1145,1799,654,1145,261,124,137
161,128,89,64,25,102,71,31,87,47,40,111,73,38,32,18,14
161,134,18,1,17,25,18,7,10,7,3,5,3,2,3,2,1
161,143,8,5,3,7,4,3,6,4,2,5,3,2,1,0,1
161,152,831,381,450,1290,219,1071,1476,242,1234,2903,1922,981,1285,640,645
161,156,1085,581,504,238,183,55,287,47,240,160,146,14,78,69,9
161,3,141,78,63,141,79,62,228,126,102,228,126,102,16,10,6
161,68,0,0,0,0,0,0,0,0,0,17,4,13,1,0,1
161,28,0,0,0,0,0,0,0,0,0,354,169,185,72,34,38
162,64,78,60,18,51,45,6,53,36,17,26,6,20,66,3,63
162,118,339,257,82,325,242,83,111,81,30,52,28,24,76,32,44
162,142,11,2,9,16,6,10,47,17,30,7,2,5,14,4,10
162,191,875,522,353,1583,842,741,803,364,439,2917,1467,1450,2261,1158,1103
162,81,4,2,2,4,0,4,15,9,6,14,9,5,7,3,4
162,108,1177,427,750,1178,427,751,3006,1733,1273,3005,1732,1273,1748,1095,653
162,112,692,180,512,789,217,572,873,358,515,941,383,558,427,174,253
162,202,11,4,7,6,3,3,2,0,2,1,0,1,2,2,0
162,106,226,98,128,157,62,95,180,77,103,56,19,37,115,48,67
162,136,1,0,1,1,0,1,2,2,0,4,3,1,1,1,0
162,161,26,6,20,37,10,27,14,3,11,19,4,15,2,1,1
162,55,73,13,60,73,13,60,149,32,117,284,73,211,33,14,19
162,79,356,108,248,356,107,249,107,40,67,90,34,56,212,85,127
162,103,1659,1584,75,6917,3407,3510,15188,7064,8124,14317,6757,7560,1801,627,1174
162,107,8,4,4,7,4,3,43,27,16,40,23,17,97,57,40
162,211,1173,546,627,1182,549,633,97,8,89,99,5,94,89,19,70
162,18,130,47,83,130,48,82,19,9,10,20,9,11,22,11,11
162,31,135,40,95,135,40,95,246,91,155,207,78,129,372,144,228
162,56,3042,1292,1750,3041,1292,1749,3867,2312,1555,2551,2143,408,641,338,303
162,95,447,355,92,448,356,92,647,254,393,646,253,393,846,265,581
162,167,258,114,144,175,77,98,107,31,76,54,39,15,22,15,7
162,169,58,6,52,83,37,46,26,6,20,35,15,20,240,79,161
162,170,1640,748,892,445,169,276,2056,1155,901,2701,1457,1244,546,184,362
162,187,1269,560,709,1949,811,1138,537,261,276,602,287,315,1175,591,584
162,216,137,8,129,129,26,103,304,136,168,148,65,83,10,7,3
162,59,1435,378,1057,1434,377,1057,8054,4857,3197,8054,4857,3197,5364,2585,2779
162,68,130,52,78,130,52,78,54,44,10,49,41,8,43,21,22
162,70,9,3,6,29,17,12,22,21,1,6,2,4,7,4,3
162,73,28,4,24,28,4,24,952,515,437,952,515,437,2040,1057,983
162,96,613,276,337,613,276,337,4404,2594,1810,4404,2594,1810,883,371,512
162,101,14018,6627,7391,23464,11841,11623,49508,32378,17130,34662,18962,15700,2687,861,1826
162,114,14512,5639,8873,14512,5639,8873,143,7,136,164,20,144,199,98,101
162,120,518,231,287,1060,456,604,363,139,224,834,443,391,405,191,214
162,153,916,63,853,581,56,525,2565,1417,1148,41215,29228,11987,41695,26774,14921
162,199,5886,1897,3989,2710,774,1936,6080,2884,3196,24050,13396,10654,13289,7264,6025
162,218,7151,7102,49,7149,6605,544,270169,133373,136796,296942,148104,148838,77243,33360,43883
162,52,11,3,8,65,8,57,69,23,46,68,22,46,5,0,5
162,83,7492,2630,4862,7124,2713,4411,1253,457,796,1254,458,796,731,537,194
162,104,9322,1579,7743,9322,1579,7743,37731,9832,27899,37730,9832,27898,3208,1594,1614
162,127,4,2,2,37,14,23,36,13,23,135,37,98,58,27,31
162,163,120,56,64,131,62,69,306,58,248,198,22,176,92,4,88
162,178,1,0,1,3,0,3,1,1,0,2,0,2,1,0,1
162,182,436,64,372,187,16,171,9,8,1,15,2,13,16,4,12
162,188,71,6,65,73,7,66,23,18,5,183,75,108,30,21,9
162,193,1519,735,784,3982,2033,1949,23664,11966,11698,40959,21486,19473,9370,8059,1311
162,204,7,3,4,6,2,4,2,1,1,3,1,2,7,3,4
162,12,4339,2190,2149,4338,2189,2149,6947,3565,3382,6946,3564,3382,9568,4566,5002
162,19,1155,163,992,989,111,878,13180,7131,6049,22959,11078,11881,25667,11912,13755
162,74,4366,39,4327,4366,40,4326,42769,11932,30837,2192,2109,83,8432,2897,5535
162,80,211023,71414,139609,211023,71415,139608,597587,280708,316879,597586,280708,316878,64307,29113,35194
162,119,2,2,0,2,2,0,21,3,18,21,2,19,11,3,8
162,121,80,48,32,72,44,28,740,281,459,755,286,469,1090,441,649
162,145,3372,860,2512,3791,960,2831,8781,3101,5680,33245,17130,16115,40220,19492,20728
162,200,3363,1811,1552,3411,1853,1558,2923,940,1983,3296,88,3208,3935,2624,1311
162,14,4,3,1,1,1,0,5,2,3,4,2,2,2,1,1
162,53,51,23,28,51,22,29,1,0,1,9,2,7,10,3,7
162,62,59,3,56,58,3,55,268,18,250,270,18,252,2,1,1
162,164,1,1,0,3,1,2,9,4,5,12,6,6,1,0,1
162,50,105,54,51,17,5,12,80,36,44,147,64,83,12,4,8
162,133,179,38,141,113,10,103,338,125,213,214,78,136,320,182,138
162,157,4,3,1,9,6,3,40,24,16,47,28,19,29,19,10
162,8,8091,4313,3778,8091,4313,3778,3499,1373,2126,3500,1373,2127,976,434,542
162,24,11,11,0,12,12,0,9,5,4,8,4,4,31,16,15
162,28,2874,1539,1335,2874,1538,1336,1973,761,1212,2052,799,1253,705,341,364
162,42,15,12,3,15,12,3,82,16,66,83,16,67,174,68,106
162,46,91,43,48,92,43,49,59,27,32,15,3,12,17,10,7
162,63,13,6,7,13,7,6,23,13,10,62,29,33,97,47,50
162,159,146,88,58,144,84,60,47,25,22,45,25,20,22,12,10
162,160,18,10,8,21,10,11,25,13,12,14,8,6,14,8,6
162,222,1602,775,827,1147,511,636,145,71,74,128,62,66,118,56,62
162,225,10,4,6,14,6,8,40,19,21,41,18,23,51,16,35
162,22,10,4,6,9,4,5,11,7,4,10,6,4,0,0,0
162,37,787,729,58,3526,1323,2203,19856,11856,8000,10231,7119,3112,17633,7925,9708
162,84,6,0,6,5,0,5,4,1,3,22,22,0,7,2,5
162,220,30643,14459,16184,47771,23059,24712,4602,941,3661,8630,3784,4846,1526,498,1028
162,11,1974,1155,819,7698,5259,2439,3640,2760,880,4340,3000,1340,928,6,922
162,147,190,90,100,1122,515,607,32,14,18,67,32,35,36,15,21
162,137,0,0,0,0,0,0,0,0,0,94,68,26,4,3,1
163,140,716,507,209,120,98,22,1451,905,546,1432,840,592,164,91,73
163,5,858,454,404,858,454,404,2056,1165,891,2055,1164,891,4403,2580,1823
163,48,69,29,40,205,103,102,261,90,171,629,351,278,357,188,169
163,179,6,2,4,6,0,6,47,25,22,37,19,18,16,8,8
163,64,6,3,3,4,2,2,6,4,2,3,0,3,8,0,8
163,27,5,3,2,9,5,4,129,78,51,130,78,52,131,77,54
163,142,28,14,14,43,26,17,120,72,48,17,9,8,37,21,16
163,191,2533,143,2390,2173,1901,272,3697,1762,1935,13388,7029,6359,12888,6873,6015
163,34,101,40,61,102,40,62,94,24,70,93,24,69,43,19,24
163,89,36,33,3,22,9,13,242,74,168,297,98,199,94,38,56
163,90,150,88,62,149,87,62,57,41,16,58,42,16,47,19,28
163,44,9,4,5,8,4,4,8,1,7,9,2,7,6,2,4
163,45,729,367,362,777,390,387,266,91,175,261,115,146,110,61,49
163,106,26,3,23,25,5,20,69,29,40,26,9,17,37,18,19
163,161,21,8,13,36,16,20,14,6,8,9,5,4,1,0,1
163,203,35,22,13,55,33,22,163,86,77,185,101,84,161,89,72
163,205,23,10,13,27,12,15,19,12,7,57,24,33,5,2,3
163,97,131,46,85,132,47,85,14,7,7,15,7,8,6,3,3
163,194,0,0,0,2,1,1,4,1,3,7,3,4,20,11,9
163,55,7,2,5,6,1,5,13,3,10,26,8,18,3,1,2
163,211,77,37,40,78,36,42,6,1,5,6,0,6,5,1,4
163,31,21,11,10,20,11,9,27,15,12,24,13,11,183,84,99
163,56,5,3,2,4,2,2,59,42,17,52,38,14,133,99,34
163,95,102,63,39,101,62,39,53,34,19,53,34,19,117,64,53
163,162,13,8,5,10,7,3,38,28,10,42,30,12,5,2,3
163,167,131,58,73,89,39,50,54,4,50,53,33,20,11,7,4
163,169,31,20,11,28,16,12,239,96,143,223,110,113,427,165,262
163,170,10,3,7,10,1,9,57,31,26,54,28,26,4,1,3
163,187,45,30,15,58,37,21,13,9,4,14,10,4,28,19,9
163,41,62,29,33,207,96,111,4768,2285,2483,4767,2284,2483,796,397,399
163,59,120,67,53,120,67,53,262,156,106,262,157,105,355,162,193
163,73,14,11,3,13,11,2,127,90,37,126,89,37,246,156,90
163,96,26,17,9,26,17,9,261,174,87,261,174,87,85,74,11
163,101,310,146,164,547,277,270,881,586,295,574,308,266,52,16,36
163,114,0,0,0,1,1,0,25,17,8,25,17,8,9,6,3
163,120,1,1,0,1,0,1,30,22,8,26,18,8,9,7,2
163,153,30,5,25,78,27,51,40,21,19,359,208,151,1818,1073,745
163,199,369,195,174,170,86,84,75,31,44,347,192,155,599,324,275
163,218,7782,3924,3858,8239,4104,4135,23961,12100,11861,28789,14756,14033,10873,4736,6137
163,4,1407,716,691,1407,716,691,3951,2117,1834,2964,1561,1403,2674,1557,1117
163,52,13,4,9,12,5,7,13,9,4,12,9,3,0,0,0
163,83,225,129,96,217,132,85,22,18,4,21,17,4,15,11,4
163,104,965,96,869,965,96,869,585,350,235,584,349,235,149,74,75
163,127,1,0,1,6,1,5,9,3,6,35,24,11,13,9,4
163,182,25,15,10,11,6,5,0,0,0,0,0,0,1,0,1
163,188,3,2,1,4,1,3,8,4,4,21,8,13,15,11,4
163,193,6329,3458,2871,23452,12442,11010,10078,7824,2254,58824,40372,18452,19931,15192,4739
163,12,122,79,43,121,78,43,141,72,69,140,71,69,250,149,101
163,19,5342,2541,2801,4759,2278,2481,1694,854,840,6314,3638,2676,10305,5523,4782
163,74,25259,6573,18686,25259,6573,18686,245658,119570,126088,73053,34687,38366,53863,26113,27750
163,80,18245,10139,8106,18244,10138,8106,17044,10641,6403,17044,10640,6404,3281,1709,1572
163,119,256,124,132,250,119,131,127,57,70,126,59,67,38,24,14
163,121,9607,4571,5036,10033,4824,5209,5624,2850,2774,6190,3194,2996,32783,17496,15287
163,145,747,316,431,1045,457,588,2446,1339,1107,2627,1522,1105,2071,1018,1053
163,200,20211,13677,6534,20611,14043,6568,20930,9175,11755,23869,4663,19206,30690,22745,7945
163,10,8,7,1,7,6,1,14,11,3,18,14,4,8,4,4
163,14,4,2,2,4,2,2,5,4,1,5,4,1,1,1,0
163,25,181,113,68,180,113,67,63,31,32,988,473,515,5,4,1
163,62,18,11,7,17,11,6,46,35,11,48,37,11,6,4,2
163,86,62,27,35,62,27,35,70,30,40,70,31,39,17,5,12
163,164,3,2,1,5,2,3,17,8,9,23,11,12,1,1,0
163,50,11,7,4,13,6,7,20,11,9,38,22,16,3,2,1
163,65,4,3,1,5,4,1,1,1,0,0,0,0,1,1,0
163,88,6,4,2,5,3,2,4,4,0,6,5,1,4,4,0
163,133,113,46,67,125,54,71,20,8,12,43,35,8,166,125,41
163,157,25,17,8,15,11,4,35,20,15,44,27,17,38,25,13
163,8,2253,1381,872,2252,1380,872,2373,1116,1257,2374,1117,1257,662,342,320
163,24,3,1,2,3,1,2,56,36,20,55,36,19,25,16,9
163,28,30605,17249,13356,30606,17250,13356,37203,20278,16925,39735,21682,18053,27930,14148,13782
163,42,60,23,37,60,23,37,47,8,39,47,7,40,98,34,64
163,46,12,4,8,12,4,8,10,4,6,8,7,1,8,5,3
163,63,15,9,6,15,10,5,27,19,8,73,44,29,114,71,43
163,160,11,8,3,14,9,5,17,11,6,9,6,3,9,6,3
163,222,365,13,352,244,36,208,70,39,31,61,34,27,59,32,27
163,225,9015,5409,3606,8391,5037,3354,530,157,373,618,202,416,1563,609,954
163,22,175,29,146,174,29,145,779,349,430,778,348,430,22,13,9
163,37,2001,1319,682,1629,457,1172,13226,5936,7290,4753,1626,3127,16025,7814,8211
163,220,13653,6158,7495,1755,1180,575,3058,1009,2049,9008,3730,5278,15446,5862,9584
163,11,164,124,40,961,604,357,190,60,130,290,80,210,1574,795,779
163,68,0,0,0,0,0,0,0,0,0,43,29,14,3,2,1
163,54,0,0,0,0,0,0,0,0,0,846,412,434,73,37,36
164,161,19,8,11,27,11,16,3,1,2,2,1,1,0,0,0
164,55,1,1,0,0,0,0,1,1,0,2,2,0,0,0,0
164,59,2,1,1,3,1,2,0,0,0,0,0,0,0,0,0
164,96,1,1,0,0,0,0,0,0,0,1,1,0,0,0,0
164,153,0,0,0,13,7,6,3,0,3,7,4,3,6,3,3
164,83,1,1,0,1,0,1,10,5,5,10,5,5,0,0,0
164,12,1,1,0,0,0,0,1,0,1,0,0,0,1,1,0
164,74,10,3,7,9,2,7,258,128,130,3,3,0,4,2,2
164,7,7,4,3,7,4,3,3,1,2,3,2,1,3,1,2
164,25,25,10,15,25,10,15,4,2,2,68,26,42,1,1,0
164,29,6,3,3,6,3,3,7,4,3,6,3,3,6,3,3
164,38,17,7,10,18,8,10,3,1,2,2,1,1,1,0,1
164,53,66,36,30,66,35,31,2,1,1,12,5,7,13,5,8
164,61,2,2,0,2,2,0,2,2,0,2,2,0,2,2,0
164,62,971,331,640,970,331,639,2443,822,1621,2502,851,1651,320,171,149
164,92,273,139,134,273,140,133,376,188,188,375,187,188,358,178,180
164,174,2,2,0,4,3,1,2,2,0,1,0,1,0,0,0
164,186,0,0,0,0,0,0,12,6,6,13,6,7,1,1,0
164,221,167,83,84,175,86,89,126,51,75,125,52,73,2,0,2
164,50,52,23,29,56,38,18,94,58,36,173,105,68,14,8,6
164,65,25,12,13,26,12,14,1,1,0,2,1,1,3,2,1
164,88,10,4,6,10,4,6,12,9,3,11,9,2,13,8,5
164,94,3,2,1,3,2,1,2,1,1,2,0,2,3,2,1
164,133,601,244,357,684,288,396,726,278,448,511,174,337,10,8,2
164,148,11,5,6,5,4,1,5,4,1,3,2,1,4,3,1
164,157,32,22,10,50,31,19,128,84,44,151,101,50,107,68,39
164,8,26,20,6,25,18,7,42,17,25,42,17,25,0,0,0
164,24,4,2,2,4,2,2,4,4,0,4,3,1,5,2,3
164,42,30,15,15,30,16,14,34,5,29,35,6,29,72,25,47
164,46,12,10,2,11,9,2,8,1,7,69,43,26,37,23,14
164,63,21,11,10,20,10,10,37,21,16,99,48,51,156,78,78
164,160,12,6,6,15,7,8,18,8,10,9,4,5,10,5,5
164,225,211,91,120,167,74,93,54,28,26,48,25,23,13,9,4
164,37,35,16,19,41,19,22,70,23,47,90,33,57,49,21,28
164,220,158081,40302,117779,198930,53514,145416,34708,19164,15544,53976,7315,46661,218872,168598,50274
164,11,39,9,30,35,7,28,40,20,20,60,20,40,29,15,14
164,87,18,9,9,19,10,9,1861,964,897,1861,965,896,35,17,18
164,152,210,124,86,280,125,155,108,51,57,401,226,175,107,47,60
164,54,0,0,0,0,0,0,0,0,0,14,3,11,1,1,0
165,64,11,1,10,14,14,0,56,42,14,28,12,16,70,19,51
165,118,182,142,40,201,160,41,160,133,27,109,88,21,159,120,39
165,161,40,20,20,59,29,30,7,3,4,2,1,1,1,0,1
165,194,31,26,5,33,20,13,67,26,41,136,76,60,4,3,1
165,15,5,2,3,6,1,5,80,29,51,102,36,66,145,47,98
165,55,1,0,1,1,1,0,2,1,1,5,3,2,1,1,0
165,107,85,66,19,85,67,18,120,102,18,112,93,19,268,221,47
165,111,11,5,6,36,9,27,45,17,28,82,29,53,400,56,344
165,154,50,22,28,29,17,12,49,35,14,59,51,8,214,170,44
165,195,225,134,91,225,134,91,395,164,231,396,165,231,100,60,40
165,211,11,7,4,12,7,5,0,0,0,0,0,0,0,0,0
165,217,70,25,45,79,27,52,614,230,384,1420,583,837,1752,657,1095
165,31,1,0,1,1,1,0,2,1,1,2,2,0,11,8,3
165,56,3,1,2,3,1,2,3,1,2,4,1,3,2,1,1
165,95,3,2,1,4,3,1,5,3,2,5,3,2,19,12,7
165,162,2,1,1,1,1,0,9,3,6,11,4,7,2,1,1
165,170,14,3,11,12,1,11,36,23,13,36,23,13,1,0,1
165,59,13,4,9,13,4,9,19,7,12,19,8,11,21,7,14
165,73,1,1,0,0,0,0,5,4,1,4,3,1,6,6,0
165,96,1,0,1,0,0,0,0,0,0,0,0,0,0,0,0
165,101,11,5,6,22,12,10,2,1,1,6,5,1,1,0,1
165,114,0,0,0,0,0,0,0,0,0,0,0,0,0,0,0
165,153,0,0,0,12,8,4,9,2,7,11,7,4,29,14,15
165,199,3,1,2,2,1,1,23,12,11,28,20,8,65,33,32
165,218,434,224,210,444,228,216,624,435,189,759,522,237,297,173,124
165,83,5,4,1,3,3,0,558,257,301,557,256,301,46,35,11
165,104,1,1,0,1,1,0,39,19,20,39,19,20,2,1,1
165,193,3,2,1,91,54,37,51,31,20,4,3,1,39,29,10
165,12,2,1,1,1,1,0,2,1,1,2,1,1,3,2,1
165,74,5,1,4,4,0,4,96,32,64,73,20,53,11,4,7
165,145,7,2,5,9,2,7,4,4,0,21,11,10,45,26,19
165,200,18,12,6,19,11,8,5,2,3,7,1,6,10,8,2
165,50,0,0,0,0,0,0,1,1,0,2,2,0,0,0,0
165,24,0,0,0,1,1,0,2,2,0,2,1,1,0,0,0
165,42,1,1,0,2,1,1,6,1,5,7,1,6,9,1,8
165,37,407,196,211,423,203,220,272,184,88,354,229,125,202,110,92
165,11,86,50,36,77,45,32,180,110,70,250,150,100,259,116,143
165,68,0,0,0,0,0,0,0,0,0,1,1,0,0,0,0
166,215,2,2,0,126,32,94,2,1,1,1,1,0,2,1,1
166,77,12,8,4,20,12,8,9,6,3,14,8,6,11,6,5
166,64,42,36,6,24,23,1,42,33,9,21,11,10,52,19,33
166,118,145,122,23,134,110,24,89,71,18,55,41,14,80,54,26
166,142,3,1,2,1,0,1,11,5,6,2,1,1,3,1,2
166,191,612,184,428,323,82,241,135,60,75,493,245,248,470,238,232
166,89,21,20,1,13,8,5,141,68,73,173,87,86,55,31,24
166,130,8,6,2,10,6,4,4,2,2,2,1,1,2,1,1
166,184,1,1,0,1,1,0,1,0,1,1,1,0,1,1,0
166,108,8801,4081,4720,8802,4081,4721,3283,1970,1313,3282,1969,1313,1909,1235,674
166,112,392,167,225,408,175,233,194,86,108,200,90,110,32,15,17
166,43,6809,3397,3412,6808,3396,3412,15413,14651,762,15412,14651,761,24483,18788,5695
166,44,376,158,218,375,158,217,366,44,322,377,50,327,248,74,174
166,57,672,337,335,673,338,335,169,57,112,169,58,111,492,262,230
166,106,20926,16766,4160,40218,22520,17698,101481,60493,40988,32153,3759,28394,43503,13911,29592
166,136,28,22,6,32,24,8,530,308,222,631,405,226,146,64,82
166,30,3,2,1,3,3,0,3,2,1,3,2,1,3,2,1
166,35,42,27,15,42,28,14,24,15,9,24,15,9,6,4,2
166,98,3677,2199,1478,3676,2198,1478,12166,7127,5039,13171,7057,6114,2214,1410,804
166,124,172,137,35,316,245,71,636,516,120,959,785,174,147,138,9
166,161,469,228,241,765,387,378,2389,1267,1122,2583,1334,1249,107,62,45
166,203,315,197,118,478,295,183,247,160,87,174,107,67,181,112,69
166,226,50,28,22,121,75,46,443,275,168,856,496,360,310,177,133
166,23,3,2,1,3,2,1,5,2,3,5,2,3,2,1,1
166,194,70,57,13,72,40,32,147,44,103,300,152,148,10,7,3
166,55,1,0,1,1,0,1,2,0,2,4,0,4,0,0,0
166,79,212,95,117,213,96,117,82,37,45,80,35,45,16,8,8
166,107,10,8,2,9,8,1,51,37,14,48,33,15,114,79,35
166,211,175,74,101,178,75,103,14,0,14,16,1,15,15,4,11
166,18,4,0,4,3,0,3,1,1,0,1,0,1,2,1,1
166,31,10,3,7,10,3,7,10,3,7,10,0,10,53,22,31
166,56,9,5,4,9,5,4,516,266,250,470,254,216,365,173,192
166,95,123,74,49,123,74,49,195,111,84,195,111,84,94,77,17
166,162,9,5,4,6,3,3,40,20,20,44,21,23,4,2,2
166,170,93,48,45,91,11,80,880,559,321,823,527,296,70,33,37
166,187,152,89,63,194,113,81,42,27,15,47,30,17,92,60,32
166,59,873,355,518,873,356,517,259,159,100,258,158,100,386,176,210
166,70,10,4,6,16,7,9,9,7,2,5,4,1,6,3,3
166,73,30,14,16,29,14,15,140,58,82,139,57,82,287,100,187
166,96,2,1,1,2,1,1,15,6,9,16,6,10,0,0,0
166,101,65,23,42,122,50,72,17,9,8,36,23,13,4,0,4
166,114,4,2,2,5,3,2,9,4,5,10,4,6,6,3,3
166,153,534,299,235,611,328,283,610,357,253,506,283,223,401,196,205
166,199,1345,456,889,620,188,432,628,378,250,600,341,259,581,340,241
166,218,5033,2092,2941,5148,2134,3014,3288,1464,1824,2586,1112,1474,743,273,470
166,52,0,0,0,0,0,0,14,5,9,13,4,9,0,0,0
166,83,93,38,55,94,36,58,7,1,6,7,2,5,11,8,3
166,104,1633,615,1018,1633,615,1018,119,68,51,121,69,52,83,41,42
166,163,25,10,15,27,10,17,28,14,14,12,7,5,12,3,9
166,182,17,13,4,8,6,2,0,0,0,0,0,0,1,0,1
166,188,0,0,0,1,0,1,4,2,2,14,5,9,6,3,3
166,193,239,121,118,883,463,420,596,164,432,666,328,338,548,148,400
166,19,7,3,4,9,4,5,289,112,177,380,151,229,219,89,130
166,74,590,60,530,589,59,530,1636,802,834,1365,465,900,1564,559,1005
166,80,1406,372,1034,1405,372,1033,3374,461,2913,3373,460,2913,972,342,630
166,121,3,1,2,2,2,0,7,2,5,5,2,3,16,8,8
166,145,376,114,262,535,171,364,843,375,468,527,206,321,666,199,467
166,200,464,241,223,472,247,225,332,40,292,580,97,483,540,338,202
166,62,61,30,31,60,29,31,65,37,28,69,39,30,30,17,13
166,164,6,5,1,7,4,3,17,7,10,5,0,5,7,4,3
166,50,12,4,8,57,31,26,66,37,29,123,68,55,10,5,5
166,65,47,29,18,47,28,19,5,3,2,4,3,1,5,3,2
166,88,419,251,168,418,251,167,213,165,48,213,166,47,233,153,80
166,94,2,1,1,1,1,0,1,1,0,2,1,1,1,1,0
166,133,172,84,88,187,93,94,1614,914,700,1859,1051,808,4416,2675,1741
166,148,4,2,2,18,12,6,20,13,7,3,2,1,4,3,1
166,157,43,25,18,52,29,23,69,44,25,83,54,29,59,34,25
166,8,1151,493,658,1151,492,659,430,273,157,431,273,158,1088,541,547
166,24,15,12,3,14,9,5,66,40,26,68,41,27,71,37,34
166,42,193,91,102,193,91,102,198,47,151,199,47,152,418,181,237
166,46,29,19,10,29,19,10,9,7,2,46,30,16,18,12,6
166,63,33,16,17,33,17,16,61,35,26,160,75,85,253,124,129
166,159,1136,546,590,1149,564,585,137,72,65,130,71,59,63,34,29
166,160,60,35,25,71,40,31,83,46,37,47,27,20,49,28,21
166,225,3,1,2,5,3,2,12,8,4,13,7,6,15,7,8
166,37,24449,11720,12729,25784,12372,13412,20519,8801,11718,26675,11851,14824,15183,7028,8155
166,220,133518,66051,67467,162210,81254,80956,97806,50474,47332,109596,44864,64732,48051,21661,26390
166,11,5047,2098,2949,7378,3188,4190,15000,6630,8370,33000,16150,16850,14235,6344,7891
166,147,11072,5529,5543,5593,2568,3025,10102,4892,5210,268,109,159,178,116,62
166,158,26,14,12,23,7,16,10,4,6,12,6,6,2,1,1
166,189,0,0,0,1,1,0,5,4,1,4,2,2,3,2,1
166,87,299,235,64,299,235,64,276,129,147,277,129,148,24,12,12
166,134,7,0,7,8,6,2,4,3,1,2,1,1,1,0,1
166,152,484,36,448,365,48,317,282,68,214,251,175,76,168,79,89
166,156,8,5,3,122,95,27,61,59,2,4,4,0,2,2,0
166,3,9,6,3,10,6,4,57,29,28,57,29,28,4,2,2
166,28,0,0,0,0,0,0,4251,2004,2247,4252,2005,2247,1736,818,918
166,68,0,0,0,0,0,0,0,0,0,19,7,12,1,0,1
167,64,3,2,1,1,1,0,9,8,1,4,3,1,11,9,2
167,108,2150,1131,1019,2150,1130,1020,1239,746,493,1239,746,493,721,468,253
167,112,1413,524,889,1515,568,947,1032,489,543,1093,516,577,353,166,187
167,202,682,363,319,556,306,250,126,48,78,124,71,53,9,8,1
167,13,73,13,60,9,3,6,18,12,6,39,6,33,18,2,16
167,55,97,11,86,97,12,85,198,31,167,378,76,302,44,16,28
167,79,754,301,453,755,301,454,265,125,140,250,119,131,176,82,94
167,103,1777,1049,728,3277,1592,1685,6571,3081,3490,6365,3005,3360,331,120,211
167,107,23,1,22,21,0,21,20,9,11,19,7,12,44,15,29
167,211,802,118,684,807,115,692,130,32,98,138,35,103,120,43,77
167,18,465,229,236,466,230,236,109,60,49,110,60,50,68,35,33
167,31,239,67,172,238,66,172,408,152,256,347,130,217,286,94,192
167,56,101,63,38,100,62,38,4958,3138,1820,4517,2953,1564,3457,2641,816
167,95,47,18,29,47,18,29,35,16,19,35,16,19,12,10,2
167,162,68,30,38,58,25,33,109,65,44,125,70,55,20,5,15
167,169,6736,1777,4959,9196,4692,4504,4365,1249,3116,4181,3238,943,38880,20317,18563
167,170,16930,6915,10015,16616,1505,15111,9289,2366,6923,4885,735,4150,5509,2243,3266
167,187,27,14,13,38,18,20,9,5,4,10,5,5,20,11,9
167,216,5726,119,5607,5482,1063,4419,14767,6638,8129,7172,3175,3997,499,341,158
167,59,4,1,3,4,1,3,121,52,69,120,51,69,118,55,63
167,68,336,231,105,337,231,106,11,2,9,13,5,8,63,34,29
167,73,7,4,3,6,4,2,41,18,23,41,19,22,82,23,59
167,96,1,1,0,0,0,0,6,2,4,6,3,3,5,0,5
167,101,503,235,268,841,421,420,1357,787,570,893,372,521,80,17,63
167,114,398,163,235,399,163,236,165,87,78,222,133,89,329,180,149
167,120,682,387,295,235,135,100,24,6,18,124,78,46,109,69,40
167,153,1,0,1,19,4,15,146,52,94,134,42,92,467,249,218
167,199,11,4,7,5,1,4,145,48,97,227,79,148,307,127,180
167,218,182,84,98,187,86,101,1238,505,733,1375,573,802,374,131,243
167,52,0,0,0,0,0,0,57,7,50,56,6,50,1,0,1
167,83,1727,1615,112,1893,1635,258,1986,610,1376,1986,610,1376,494,357,137
167,104,3287,882,2405,3287,883,2404,80067,26663,53404,80066,26663,53403,4006,1989,2017
167,127,2,1,1,12,2,10,13,2,11,1,1,0,8,3,5
167,163,1028,848,180,1107,914,193,8113,4458,3655,6265,3313,2952,1698,670,1028
167,182,151,24,127,65,6,59,3,3,0,5,1,4,6,1,5
167,188,19,9,10,21,9,12,76,25,51,178,61,117,31,5,26
167,193,77,36,41,119,56,63,8306,4736,3570,8592,3942,4650,1441,1101,340
167,12,126,59,67,125,59,66,145,38,107,145,39,106,258,103,155
167,19,1,1,0,5,1,4,238,93,145,503,190,313,765,324,441
167,74,28,8,20,27,8,19,2975,1240,1735,2174,1407,767,495,245,250
167,80,7320,3777,3543,7319,3776,3543,3283,1054,2229,3283,1054,2229,773,342,431
167,145,1,1,0,4,1,3,28,13,15,24,14,10,112,53,59
167,200,296,99,197,299,101,198,125,7,118,236,47,189,178,103,75
167,62,1,0,1,0,0,0,2,1,1,2,1,1,1,1,0
167,50,1,1,0,1,1,0,1,1,0,2,2,0,0,0,0
167,8,24,5,19,24,4,20,250,103,147,251,103,148,2,1,1
167,24,1,0,1,1,1,0,3,2,1,2,2,0,1,1,0
167,42,3,1,2,3,1,2,1,0,1,2,0,2,6,2,4
167,37,10,0,10,64,26,38,4844,2464,2380,5276,2689,2587,1467,735,732
167,220,3982,2014,1968,4593,2339,2254,5158,2625,2533,5462,2470,2992,7362,3560,3802
167,11,301,144,157,284,137,147,220,90,130,220,90,130,184,88,96
168,47,9,7,2,10,7,3,40,18,22,41,18,23,7,2,5
168,191,582,335,247,422,267,155,27,0,27,99,7,92,75,7,68
168,59,2,1,1,3,2,1,0,0,0,0,0,0,0,0,0
168,218,6,5,1,8,6,2,2,2,0,2,1,1,3,2,1
168,83,0,0,0,1,0,1,3,2,1,3,1,2,0,0,0
168,86,50,21,29,50,22,28,78,29,49,79,30,49,14,1,13
168,129,56,16,40,57,17,40,21,2,19,21,2,19,14,0,14
168,42,1,1,0,1,0,1,0,0,0,0,0,0,3,2,1
168,75,16,0,16,17,1,16,22,11,11,23,12,11,4,1,3
168,37,2,1,1,1,0,1,132,69,63,144,76,68,40,20,20
168,11,25,12,13,26,14,12,80,40,40,100,70,30,44,5,39
168,68,0,0,0,0,0,0,0,0,0,1,1,0,0,0,0
169,64,32,27,5,25,21,4,34,22,12,17,3,14,48,3,45
169,118,108,96,12,99,86,13,99,72,27,46,25,21,67,29,38
169,142,2,0,2,4,3,1,9,4,5,2,1,1,3,1,2
169,191,142,56,86,39,20,19,132,56,76,478,224,254,458,220,238
169,112,15,10,5,17,6,11,79,39,40,88,44,44,64,30,34
169,161,66,35,31,86,45,41,63,33,30,57,31,26,1,1,0
169,55,557,123,434,557,123,434,1140,293,847,2172,638,1534,253,113,140
169,79,6,5,1,6,5,1,14,7,7,16,8,8,32,15,17
169,103,2317,47,2270,5118,2556,2562,13414,6107,7307,12049,5628,6421,3150,1109,2041
169,107,34,22,12,38,24,14,146,76,70,135,65,70,325,152,173
169,211,7127,2824,4303,7171,2829,4342,645,28,617,693,43,650,660,175,485
169,18,7,2,5,6,2,4,1,1,0,2,2,0,3,3,0
169,31,1250,497,753,1249,497,752,1666,722,944,1484,646,838,132,66,66
169,56,1472,799,673,1472,799,673,780,209,571,1200,338,862,1216,882,334
169,95,23960,9567,14393,23960,9566,14394,34384,17520,16864,34384,17520,16864,10373,4087,6286
169,162,687,334,353,586,281,305,498,215,283,404,188,216,93,21,72
169,167,1672,736,936,1128,496,632,698,198,500,368,261,107,140,95,45
169,170,348,96,252,193,22,171,277,159,118,363,197,166,74,22,52
169,187,1728,1065,663,2510,1499,1011,650,417,233,728,462,266,1421,928,493
169,59,558,195,363,558,196,362,2240,1211,1029,2239,1210,1029,7527,4464,3063
169,70,0,0,0,10,6,4,37,18,19,33,18,15,20,12,8
169,73,218,124,94,218,125,93,571,308,263,570,308,262,1242,577,665
169,96,33,23,10,32,22,10,71,36,35,70,36,34,113,53,60
169,101,1904,897,1007,3186,1603,1583,8112,4238,3874,5867,2247,3620,420,68,352
169,114,1747,820,927,1746,819,927,122,119,3,119,115,4,50,44,6
169,120,5,3,2,9,5,4,99,94,5,83,79,4,32,29,3
169,153,291,90,201,505,191,314,574,137,437,2734,1657,1077,7697,4417,3280
169,199,1727,753,974,796,324,472,972,248,724,6993,3808,3185,5482,2922,2560
169,218,1706,674,1032,1800,712,1088,34399,17394,17005,37802,19292,18510,9822,4354,5468
169,26,100,10,90,100,9,91,101,21,80,86,21,65,42,9,33
169,52,166,53,113,148,49,99,91,33,58,91,33,58,3,0,3
169,83,10032,5394,4638,10296,5392,4904,10448,3342,7106,10447,3342,7105,2029,1521,508
169,104,39335,19570,19765,39335,19570,19765,451351,189785,261566,451351,189785,261566,21177,10501,10676
169,127,13,6,7,135,56,79,127,54,73,280,116,164,160,88,72
169,163,948,691,257,1021,746,275,9681,4783,4898,7611,3663,3948,1959,575,1384
169,178,28,2,26,29,2,27,4,2,2,5,2,3,11,7,4
169,182,2372,417,1955,1013,115,898,52,44,8,85,16,69,84,21,63
169,188,30,3,27,31,2,29,57,19,38,125,42,83,218,188,30
169,193,2230,1225,1005,4114,2285,1829,283890,154627,129263,435142,224933,210209,69389,56622,12767
169,204,2,1,1,1,0,1,0,0,0,1,1,0,1,0,1
169,12,3200,1493,1707,3200,1493,1707,14356,7029,7327,14355,7028,7327,10188,4700,5488
169,19,65,37,28,36,17,19,6910,3540,3370,17018,9196,7822,30873,17003,13870
169,74,1033,218,815,1032,218,814,9388,3903,5485,39630,18987,20643,6782,3020,3762
169,80,73001,38337,34664,73001,38337,34664,123802,44148,79654,123801,44147,79654,19664,8904,10760
169,119,3,1,2,3,0,3,5,2,3,6,1,5,12,4,8
169,121,97,28,69,100,28,72,414,137,277,423,140,283,602,216,386
169,145,1139,433,706,1232,464,768,2278,697,1581,4780,1790,2990,3663,1418,2245
169,200,1515,648,867,1545,674,871,1554,327,1227,2197,215,1982,2213,1406,807
169,14,12,12,0,13,13,0,35,33,2,34,32,2,8,8,0
169,53,37,15,22,37,14,23,1,1,0,7,2,5,7,2,5
169,62,4,2,2,3,1,2,4,1,3,2,0,2,2,1,1
169,50,7,1,6,21,12,9,26,13,13,48,23,25,4,2,2
169,133,72,20,52,71,12,59,11,6,5,41,10,31,149,83,66
169,157,14,8,6,19,10,9,38,33,5,45,37,8,28,21,7
169,8,728,273,455,728,272,456,591,245,346,592,245,347,4,2,2
169,24,30,11,19,31,12,19,31,13,18,31,13,18,10,4,6
169,28,1535,799,736,1535,799,736,903,440,463,940,459,481,345,150,195
169,42,41,20,21,42,21,21,66,15,51,67,16,51,141,60,81
169,46,88,52,36,89,53,36,56,33,23,18,11,7,15,9,6
169,63,13,6,7,12,5,7,22,11,11,60,25,35,94,41,53
169,160,16,8,8,20,9,11,23,11,12,13,7,6,13,7,6
169,222,63,47,16,58,43,15,76,40,36,67,35,32,62,30,32
169,225,10,5,5,16,8,8,38,18,20,39,19,20,49,16,33
169,22,9,6,3,8,5,3,6,1,5,5,1,4,0,0,0
169,37,13614,6492,7122,14709,7028,7681,8290,3863,4427,12436,5951,6485,9578,4570,5008
169,84,0,0,0,1,1,0,8,8,0,2,1,1,4,3,1
169,220,20156,9914,10242,24704,12249,12455,11874,6033,5841,13686,5111,8575,5609,2380,3229
169,11,918,342,576,1061,238,823,1510,640,870,980,280,700,1298,574,724
169,147,89,42,47,532,244,288,1288,625,663,87,40,47,52,23,29
169,68,0,0,0,0,0,0,0,0,0,64,40,24,5,3,2
169,137,0,0,0,0,0,0,0,0,0,101,46,55,5,3,2
170,131,8,1,7,10,2,8,3,2,1,4,4,0,6,4,2
170,183,34,14,20,34,14,20,37,13,24,38,14,24,10,6,4
170,215,10,8,2,25,1,24,2,1,1,2,2,0,2,1,1
170,39,30,21,9,14,12,2,49,27,22,2,1,1,20,12,8
170,48,123,21,102,367,105,262,466,29,437,1124,413,711,638,204,434
170,2,2742,988,1754,2743,989,1754,328,143,185,328,144,184,15,6,9
170,64,2199,727,1472,1635,529,1106,1044,632,412,517,43,474,1704,197,1507
170,118,10758,3284,7474,10497,2953,7544,983,763,220,553,381,172,819,495,324
170,142,30,16,14,45,26,19,125,74,51,18,10,8,38,21,17
170,191,135,95,40,268,67,201,277,119,158,1003,483,520,959,471,488
170,34,19,11,8,18,10,8,290,131,159,290,131,159,26,11,15
170,81,6,3,3,7,1,6,21,11,10,18,9,9,10,5,5
170,89,73,69,4,45,26,19,489,239,250,600,305,295,191,108,83
170,126,144,68,76,148,70,78,282,132,150,287,132,155,52,24,28
170,130,5,4,1,5,3,2,2,1,1,2,1,1,2,1,1
170,184,2,2,0,2,2,0,2,1,1,1,1,0,1,1,0
170,108,220614,101707,118907,220614,101707,118907,89496,69080,20416,89496,69081,20415,140723,87365,53358
170,112,64496,27371,37125,68943,29209,39734,43269,18546,24723,45886,19586,26300,14827,6299,8528
170,202,69116,33106,36010,42550,20064,22486,13222,5255,7967,3397,2102,1295,1549,562,987
170,212,31167,14253,16914,17484,6994,10490,2198,234,1964,4786,896,3890,1232,363,869
170,223,105238,49818,55420,75964,37114,38850,75912,20159,55753,96435,29096,67339,35962,8701,27261
170,43,527,272,255,528,272,256,246,233,13,244,232,12,388,295,93
170,44,7,1,6,6,1,5,9,1,8,11,2,9,8,3,5
170,57,15,7,8,14,6,8,30,17,13,30,17,13,13,7,6
170,106,1759,831,928,2694,1206,1488,2477,1096,1381,444,157,287,265,147,118
170,136,287,213,74,320,240,80,622,458,164,307,154,153,237,55,182
170,166,1229,229,1000,1633,373,1260,451,130,321,884,309,575,5110,2200,2910
170,35,23,10,13,22,9,13,13,5,8,13,5,8,3,1,2
170,161,24,23,1,35,32,3,10,8,2,5,4,1,2,2,0
170,97,898,447,451,898,447,451,125,62,63,126,63,63,50,25,25
170,194,17,13,4,18,9,9,36,4,32,75,29,46,1,1,0
170,9,26181,9035,17146,15674,5484,10190,6894,1584,5310,2253,410,1843,9364,3924,5440
170,13,5204,203,5001,775,254,521,1770,1246,524,2782,15,2767,1391,7,1384
170,55,1339,478,861,1339,478,861,2742,1063,1679,5221,2178,3043,609,331,278
170,79,34590,15740,18850,34591,15741,18850,11129,4789,6340,10466,4507,5959,7377,3084,4293
170,100,38,6,32,49,31,18,76,55,21,13,8,5,29,15,14
170,103,3153,2588,565,11761,5916,5845,26327,12389,13938,24679,11821,12858,3482,1176,2306
170,107,72,23,49,71,26,45,321,176,145,299,154,145,715,360,355
170,115,34,1,33,34,1,33,71,5,66,72,5,67,77,24,53
170,211,3506,462,3044,3561,471,3090,644,40,604,690,52,638,651,177,474
170,18,41755,16482,25273,41756,16483,25273,9819,4476,5343,9820,4477,5343,6010,2513,3497
170,31,2037,437,1600,2036,437,1599,3796,1145,2651,3172,985,2187,2609,802,1807
170,56,1642,796,846,1641,795,846,11834,5251,6583,10322,5049,5273,2948,900,2048
170,95,17506,7919,9587,17506,7919,9587,722,298,424,722,299,423,1213,430,783
170,162,11126,4832,6294,9517,4051,5466,9113,3666,5447,7632,3348,4284,1419,167,1252
170,167,73455,32351,41104,50521,22434,28087,31009,14954,16055,6743,5255,1488,6120,4143,1977
170,169,373,290,83,195,194,1,495,129,366,794,326,468,2188,1048,1140
170,187,451,111,340,746,195,551,221,86,135,247,94,153,484,198,286
170,216,662706,320289,342417,609550,297957,311593,323129,129352,193777,156902,61634,95268,10947,7164,3783
170,59,949,281,668,949,282,667,739,158,581,739,159,580,793,262,531
170,68,47243,24297,22946,47244,24297,22947,16399,6919,9480,17850,7905,9945,11044,4225,6819
170,70,1,0,1,8,3,5,21,8,13,9,3,6,9,6,3
170,73,23625,9845,13780,23625,9846,13779,1173,123,1050,1172,123,1049,44995,16699,28296
170,96,236,103,133,235,103,132,102,56,46,102,56,46,77,24,53
170,101,1015,478,537,1699,854,845,2165,1121,1044,1324,376,948,138,19,119
170,114,119207,60083,59124,119247,60093,59154,33005,13629,19376,38142,17439,20703,26382,10751,15631
170,120,36826,16771,20055,26351,12337,14014,6422,3327,3095,18544,11302,7242,10839,5290,5549
170,153,759,268,491,2294,678,1616,5799,2006,3793,4900,1789,3111,3387,1136,2251
170,199,957,300,657,441,122,319,4428,1423,3005,4560,1470,3090,3946,1593,2353
170,218,5358,1490,3868,5520,1545,3975,10314,3053,7261,12385,3924,8461,4667,1178,3489
170,26,43,5,38,43,5,38,44,11,33,38,11,27,18,4,14
170,52,0,0,0,0,0,0,652,123,529,651,122,529,12,2,10
170,83,21435,7340,14095,22252,7234,15018,8326,5171,3155,8326,5171,3155,2532,1860,672
170,104,3729,609,3120,3728,609,3119,32960,8295,24665,32960,8296,24664,2234,1110,1124
170,127,22,8,14,231,65,166,216,64,152,285,72,213,224,98,126
170,163,788,468,320,849,506,343,1676,485,1191,1013,179,834,488,61,427
170,178,11,1,10,14,2,12,1,1,0,2,0,2,17,12,5
170,182,1936,550,1386,826,190,636,42,37,5,69,20,49,68,23,45
170,188,201,33,168,202,31,171,179,65,114,253,84,169,779,366,413
170,193,1579,684,895,3601,1613,1988,31483,11282,20201,18678,5400,13278,14805,5433,9372
170,204,14,6,8,14,6,8,5,2,3,5,2,3,16,6,10
170,12,2187,1137,1050,2187,1138,1049,2524,839,1685,2524,839,1685,4491,2038,2453
170,19,992,356,636,948,342,606,4725,2250,2475,5554,2453,3101,8419,3955,4464
170,74,706,7,699,705,7,698,11716,5102,6614,24684,8474,16210,4833,1571,3262
170,80,413230,161410,251820,413229,161409,251820,70363,48938,21425,70363,48939,21424,36000,15809,20191
170,119,7,2,5,7,1,6,11,4,7,13,4,9,7,1,6
170,121,19,6,13,14,4,10,50,2,48,46,2,44,136,53,83
170,145,5998,2183,3815,6264,2266,3998,15965,6135,9830,4827,1003,3824,21226,8406,12820
170,200,3172,1387,1785,3205,1416,1789,1919,334,1585,2999,402,2597,2867,1791,1076
170,14,10,5,5,11,7,4,16,1,15,17,2,15,4,0,4
170,53,1087,505,582,1087,504,583,23,7,16,200,54,146,211,67,144
170,62,32,8,24,32,9,23,54,28,26,52,28,24,25,10,15
170,50,129,41,88,67,19,48,158,58,100,291,101,190,24,6,18
170,65,6,3,3,7,3,4,1,0,1,0,0,0,1,1,0
170,94,0,0,0,0,0,0,0,0,0,1,1,0,1,1,0
170,133,332,42,290,398,74,324,260,95,165,69,26,43,9,4,5
170,148,80,32,48,72,25,47,66,25,41,11,5,6,14,7,7
170,157,12,3,9,13,6,7,204,175,29,235,196,39,147,92,55
170,8,533,181,352,532,179,353,1036,437,599,1037,437,600,6,2,4
170,24,52,20,32,53,21,32,141,58,83,140,58,82,46,19,27
170,28,2367,1162,1205,2367,1161,1206,2541,1023,1518,2599,1049,1550,281,108,173
170,42,65,21,44,65,22,43,109,16,93,110,17,93,230,86,144
170,46,31,3,28,30,3,27,8,6,2,90,36,54,45,22,23
170,63,61,22,39,61,23,38,112,51,61,296,95,201,467,162,305
170,160,57,24,33,67,25,42,78,29,49,45,18,27,47,19,28
170,225,8,3,5,13,7,6,29,13,16,31,15,16,38,11,27
170,37,23355,11484,11871,21643,10644,10999,9629,3452,6177,13230,5204,8026,8605,3845,4760
170,220,69445,34274,35171,80078,39909,40169,20511,10971,9540,46642,10855,35787,42060,29507,12553
170,11,4606,1919,2687,3839,1646,2193,1310,270,1040,2650,910,1740,4042,1388,2654
170,147,1508,794,714,257,57,200,1543,746,797,690,331,359,609,290,319
170,158,1,1,0,11,5,6,2,1,1,5,3,2,2,1,1
170,137,0,0,0,0,0,0,0,0,0,823,345,478,102,46,56
171,33,61746,30709,31037,93782,45775,48007,9311,5362,3949,4310,3045,1265,11569,5259,6310
171,67,288,174,114,289,175,114,22,11,11,23,11,12,8,7,1
171,69,22,18,4,39,28,11,21,19,2,11,0,11,28,12,16
171,109,96,2,94,1451,896,555,1540,836,704,2142,970,1172,129,75,54
171,123,2889,1904,985,191,108,83,233,130,103,83,47,36,55,31,24
171,215,78339,42035,36304,62402,33143,29259,6086,2899,3187,8008,3956,4052,149,62,87
171,219,532047,259976,272071,551290,269486,281804,36135,18728,17407,7985,4503,3482,4665,1898,2767
171,230,2285,1220,1065,1377,648,729,3211,1649,1562,589,342,247,4024,2106,1918
171,5,69,30,39,68,29,39,344,142,202,344,142,202,345,140,205
171,48,5503,2890,2613,6977,3657,3320,4544,1495,3049,10964,6002,4962,6219,3192,3027
171,58,1109819,551045,558774,1046855,519955,526900,3920,1922,1998,42054,19501,22553,26902,11363,15539
171,77,13,7,6,21,10,11,10,5,5,15,7,8,12,6,6
171,64,15,12,3,11,8,3,6,5,1,3,2,1,8,5,3
171,142,24,12,12,35,19,16,99,56,43,14,7,7,30,16,14
171,191,582,135,447,250,15,235,1049,286,763,1085,470,615,593,254,339
171,198,10,5,5,33,15,18,39,18,21,37,16,21,18,13,5
171,81,33,16,17,36,2,34,121,60,61,109,58,51,58,24,34
171,206,19,1,18,553,219,334,43,15,28,663,271,392,81,46,35
171,203,0,0,0,1,0,1,1,1,0,2,1,1,0,0,0
171,55,0,0,0,0,0,0,0,0,0,0,0,0,0,0,0
171,31,1,1,0,0,0,0,1,0,1,0,0,0,0,0,0
171,56,2,2,0,2,2,0,1,1,0,1,0,1,2,0,2
171,95,6,3,3,5,2,3,3,2,1,3,2,1,3,1,2
171,170,17,4,13,16,1,15,54,32,22,55,33,22,0,0,0
171,59,59,28,31,59,28,31,98,40,58,97,39,58,70,34,36
171,73,11,5,6,11,5,6,113,57,56,112,57,55,273,130,143
171,96,1,1,0,0,0,0,0,0,0,0,0,0,3,2,1
171,101,27,10,17,51,22,29,6,3,3,15,10,5,2,0,2
171,114,0,0,0,0,0,0,1,1,0,0,0,0,0,0,0
171,153,27,13,14,115,51,64,171,85,86,214,97,117,87,37,50
171,199,17,9,8,8,3,5,129,67,62,155,61,94,154,91,63
171,218,970,409,561,993,418,575,853,375,478,1110,506,604,524,198,326
171,83,26,2,24,23,1,22,13,8,5,13,8,5,2,2,0
171,104,253,115,138,252,114,138,74,44,30,73,44,29,16,8,8
171,193,13,8,5,408,278,130,230,157,73,40,1,39,29,9,20
171,12,15,9,6,14,8,6,18,8,10,17,8,9,30,17,13
171,19,77,55,22,77,65,12,2114,980,1134,585,197,388,1724,801,923
171,74,102,19,83,102,19,83,1596,801,795,776,211,565,468,196,272
171,80,275,124,151,274,123,151,160,43,117,160,43,117,41,20,21
171,121,2,0,2,0,0,0,3,0,3,2,0,2,8,3,5
171,145,143,75,68,159,83,76,880,436,444,341,199,142,12,0,12
171,200,54,33,21,58,35,23,89,22,67,126,10,116,162,111,51
171,50,0,0,0,0,0,0,0,0,0,0,0,0,0,0,0
171,24,2,1,1,1,0,1,2,1,1,0,0,0,0,0,0
171,42,2,1,1,2,1,1,1,0,1,1,0,1,2,1,1
171,37,1146,552,594,1181,569,612,1196,483,713,1426,594,832,618,274,344
171,11,17,13,4,17,14,3,170,90,80,410,190,220,254,130,124
171,68,0,0,0,0,0,0,0,0,0,1,0,1,0,0,0
171,28,0,0,0,0,0,0,0,0,0,13,13,0,3,3,0
172,191,83,5,78,45,1,44,18,5,13,67,21,46,63,21,42
172,73,0,0,0,0,0,0,0,0,0,0,0,0,0,0,0
172,101,3,1,2,4,1,3,0,0,0,1,1,0,0,0,0
172,218,1408,509,899,1441,519,922,482,156,326,250,48,202,320,111,209
172,83,7,4,3,6,4,2,4,2,2,5,2,3,0,0,0
172,74,0,0,0,0,0,0,7,1,6,7,1,6,0,0,0
172,62,11,4,7,10,4,6,11,5,6,12,6,6,5,2,3
172,42,164,63,101,164,63,101,62,3,59,62,3,59,131,38,93
172,71,1,1,0,101,60,41,20,9,11,142,79,63,28,14,14
172,37,0,0,0,1,1,0,10,5,5,10,5,5,0,0,0
172,11,10,5,5,11,7,4,0,0,0,20,0,20,2,0,2
173,191,10,5,5,5,3,2,2,2,0,8,4,4,5,3,2
173,56,1,1,0,1,1,0,1,1,0,2,2,0,0,0,0
173,95,4,1,3,5,1,4,1,1,0,3,2,1,5,4,1
173,73,1,1,0,0,0,0,0,0,0,0,0,0,1,1,0
173,101,1,1,0,2,1,1,0,0,0,1,1,0,0,0,0
173,218,2665,1186,1479,2727,1212,1515,680,338,342,221,96,125,666,265,401
173,83,0,0,0,0,0,0,2,1,1,2,1,1,0,0,0
173,104,4,0,4,3,0,3,2,0,2,3,0,3,0,0,0
173,12,1,0,1,0,0,0,0,0,0,0,0,0,0,0,0
173,74,1,1,0,0,0,0,108,38,70,111,40,71,0,0,0
173,145,8,3,5,12,5,7,30,9,21,4,1,3,8,2,6
173,6,114,70,44,114,70,44,100,65,35,68,45,23,59,39,20
173,7,39,21,18,39,21,18,29,13,16,28,13,15,28,13,15
173,14,1,1,0,2,1,1,10,3,7,9,3,6,3,1,2
173,17,0,0,0,0,0,0,78,35,43,26,11,15,5,3,2
173,25,771,317,454,771,318,453,35,12,23,553,197,356,3,1,2
173,29,273,120,153,272,120,152,305,152,153,304,152,152,305,153,152
173,61,7,3,4,6,3,3,8,3,5,10,4,6,9,4,5
173,62,9,6,3,8,5,3,19,6,13,18,5,13,7,4,3
173,85,2,1,1,3,2,1,0,0,0,1,0,1,0,0,0
173,105,14,6,8,14,7,7,2,1,1,3,1,2,2,1,1
173,138,35,15,20,34,14,20,3,1,2,3,1,2,6,3,3
173,174,6,3,3,9,4,5,5,3,2,3,1,2,2,1,1
173,176,1,0,1,1,0,1,0,0,0,2,2,0,0,0,0
173,186,0,0,0,0,0,0,500,180,320,501,181,320,41,13,28
173,221,607,276,331,619,279,340,38,29,9,36,29,7,4,1,3
173,50,0,0,0,0,0,0,0,0,0,0,0,0,0,0,0
173,24,0,0,0,1,1,0,0,0,0,0,0,0,0,0,0
173,42,0,0,0,1,0,1,2,0,2,2,0,2,5,1,4
173,37,480,228,252,527,251,276,279,250,29,231,189,42,240,87,153
173,220,1618,745,873,1989,924,1065,2104,970,1134,2266,866,1400,1802,760,1042
173,11,4,3,1,1,1,0,10,10,0,0,0,0,21,20,1
173,68,0,0,0,0,0,0,0,0,0,1,0,1,0,0,0
173,54,0,0,0,0,0,0,0,0,0,167,38,129,14,4,10
173,28,0,0,0,0,0,0,0,0,0,30,26,4,6,5,1
174,56,1,1,0,0,0,0,1,0,1,1,1,0,2,2,0
174,59,1,1,0,2,1,1,4,2,2,3,1,2,2,0,2
174,73,1,1,0,0,0,0,1,0,1,1,1,0,2,2,0
174,101,3,2,1,4,2,2,0,0,0,1,0,1,0,0,0
174,199,5,3,2,2,1,1,4,1,3,5,1,4,5,3,2
174,218,3381,1433,1948,3459,1463,1996,53,53,0,710,392,318,1080,423,657
174,104,5,1,4,5,2,3,6,5,1,5,4,1,0,0,0
174,193,3,2,1,75,35,40,42,20,22,21,15,6,15,8,7
174,12,1,1,0,1,1,0,1,0,1,1,1,0,2,2,0
174,74,5,0,5,5,0,5,4176,1595,2581,696,323,373,359,98,261
174,145,9,5,4,12,6,6,10,4,6,2,2,0,5,4,1
174,200,7,6,1,5,5,0,4,2,2,5,0,5,8,6,2
174,7,82,26,56,82,27,55,40,17,23,40,17,23,40,17,23
174,14,16,8,8,16,9,7,8,5,3,7,4,3,6,3,3
174,17,304,149,155,303,149,154,933,352,581,918,345,573,104,41,63
174,25,0,0,0,1,0,1,0,0,0,2,0,2,0,0,0
174,29,49,17,32,48,17,31,54,22,32,54,23,31,54,23,31
174,38,4,2,2,5,2,3,1,0,1,1,1,0,1,0,1
174,61,33,16,17,26,14,12,37,18,19,43,23,20,40,20,20
174,85,27,14,13,28,14,14,7,4,3,8,4,4,1,0,1
174,86,13,6,7,12,6,6,62,28,34,62,28,34,15,5,10
174,105,48,23,25,48,23,25,9,4,5,9,3,6,7,3,4
174,129,401,185,216,402,186,216,84,14,70,84,13,71,72,21,51
174,173,14,10,4,22,15,7,11,4,7,13,2,11,2,1,1
174,176,8,4,4,8,3,5,4,2,2,5,3,2,4,0,4
174,186,0,0,0,0,0,0,233,106,127,234,107,127,20,9,11
174,209,121,63,58,209,131,78,71,34,37,197,110,87,30,22,8
174,221,457,217,240,464,220,244,20,2,18,19,2,17,2,1,1
174,50,1,1,0,0,0,0,0,0,0,0,0,0,0,0,0
174,42,28,12,16,27,11,16,11,1,10,12,2,10,25,9,16
174,75,157,112,45,157,112,45,81,45,36,81,45,36,17,5,12
174,91,11,7,4,11,6,5,38,21,17,39,22,17,32,19,13
174,225,25,14,11,15,8,7,10,3,7,5,2,3,4,2,2
174,37,722,345,377,779,372,407,921,128,793,1169,235,934,624,223,401
174,220,3077,1359,1718,3488,1553,1935,2574,1161,1413,2773,1028,1745,2205,906,1299
174,11,3,1,2,3,1,2,20,10,10,20,20,0,20,19,1
174,28,0,0,0,0,0,0,0,0,0,144,48,96,29,9,20
175,73,0,0,0,0,0,0,0,0,0,0,0,0,0,0,0
175,101,0,0,0,0,0,0,0,0,0,0,0,0,0,0,0
175,83,19,17,2,19,17,2,20,20,0,20,20,0,0,0,0
175,62,5,3,2,5,3,2,7,4,3,6,4,2,3,2,1
175,50,2,1,1,0,0,0,0,0,0,0,0,0,0,0,0
175,157,4,2,2,7,4,3,7,3,4,10,5,5,7,4,3
175,24,0,0,0,0,0,0,0,0,0,0,0,0,0,0,0
175,42,0,0,0,0,0,0,0,0,0,1,1,0,1,1,0
175,37,30,15,15,20,10,10,52,29,23,33,19,14,34,16,18
176,55,0,0,0,0,0,0,0,0,0,0,0,0,0,0,0
176,56,0,0,0,0,0,0,1,1,0,0,0,0,0,0,0
176,95,2,1,1,1,0,1,1,1,0,1,1,0,3,2,1
176,59,0,0,0,0,0,0,0,0,0,0,0,0,4,3,1
176,73,1,1,0,0,0,0,1,1,0,0,0,0,0,0,0
176,101,1,1,0,1,0,1,0,0,0,1,1,0,0,0,0
176,218,2899,1319,1580,2966,1347,1619,137,44,93,411,251,160,879,372,507
176,83,34,22,12,34,23,11,53,47,6,54,48,6,0,0,0
176,104,3,1,2,3,2,1,7,2,5,7,3,4,0,0,0
176,12,1,1,0,0,0,0,1,0,1,1,1,0,1,1,0
176,74,5,1,4,3,0,3,54,9,45,18,11,7,2,0,2
176,145,8,3,5,12,4,8,15,3,12,3,0,3,9,5,4
176,7,138,110,28,138,111,27,55,32,23,54,32,22,55,33,22
176,10,47,22,25,47,22,25,11,8,3,13,9,4,6,2,4
176,14,3,1,2,3,1,2,8,7,1,7,7,0,3,2,1
176,17,338,179,159,336,179,157,702,351,351,684,343,341,150,60,90
176,25,41,18,23,42,18,24,8,4,4,118,49,69,1,1,0
176,29,184,92,92,184,92,92,205,113,92,205,113,92,205,113,92
176,38,11,8,3,12,8,4,2,1,1,1,1,0,1,0,1
176,61,15,9,6,12,7,5,16,9,7,19,10,9,18,10,8
176,85,90,41,49,92,42,50,16,5,11,16,4,12,4,1,3
176,105,33,15,18,33,16,17,6,2,4,7,3,4,5,3,2
176,138,10,6,4,9,6,3,2,1,1,0,0,0,5,2,3
176,173,23,12,11,39,21,18,16,9,7,14,8,6,2,2,0
176,174,63,28,35,91,41,50,55,25,30,21,10,11,23,10,13
176,186,0,0,0,0,0,0,33,17,16,34,18,16,3,2,1
176,209,1073,497,576,2172,1031,1141,614,262,352,2791,1265,1526,223,156,67
176,221,53,27,26,54,26,28,11,4,7,10,4,6,0,0,0
176,50,0,0,0,0,0,0,0,0,0,0,0,0,0,0,0
176,42,3,1,2,2,1,1,1,0,1,1,0,1,2,1,1
176,91,51,28,23,51,29,22,55,31,24,54,30,24,54,30,24
176,160,2,1,1,3,1,2,3,1,2,1,0,1,1,0,1
176,225,2,1,1,2,2,0,5,3,2,6,4,2,7,4,3
176,37,2120,1012,1108,2274,1087,1187,1566,108,1458,2186,384,1802,1470,549,921
176,220,3251,1732,1519,3909,2096,1813,342,225,117,593,138,455,1889,941,948
176,11,25,25,0,23,23,0,10,10,0,40,30,10,9,9,0
176,54,0,0,0,0,0,0,0,0,0,268,45,223,23,5,18
176,28,0,0,0,0,0,0,0,0,0,29,0,29,6,0,6
177,31,1,0,1,1,0,1,2,1,1,1,0,1,0,0,0
177,56,1,0,1,0,0,0,0,0,0,1,0,1,3,1,2
177,59,2,0,2,2,0,2,5,3,2,4,3,1,2,1,1
177,73,0,0,0,1,0,1,2,1,1,1,0,1,1,0,1
177,101,4,2,2,8,3,5,0,0,0,2,2,0,0,0,0
177,199,2,0,2,2,1,1,6,1,5,3,1,2,6,2,4
177,218,111,61,50,115,62,53,38,20,18,19,8,11,26,15,11
177,83,2,1,1,2,0,2,227,106,121,226,105,121,20,15,5
177,104,27,10,17,27,11,16,5,3,2,6,3,3,2,1,1
177,12,0,0,0,0,0,0,1,0,1,0,0,0,0,0,0
177,74,1,0,1,1,0,1,24,4,20,12,1,11,1,0,1
177,145,2,1,1,5,1,4,2,0,2,5,1,4,9,8,1
177,37,2,1,1,1,0,1,21,17,4,27,21,6,13,8,5
177,220,2236,1149,1087,2794,1445,1349,816,368,448,623,440,183,1867,892,975
177,11,3987,1894,2093,3414,1639,1775,3510,1760,1750,3830,1980,1850,5692,2877,2815
177,147,1234,812,422,4819,2932,1887,2587,1225,1362,2510,1178,1332,1694,768,926
177,72,4,3,1,1,1,0,1,1,0,20,13,7,9,7,2
177,134,3,2,1,2,2,0,3,1,2,5,2,3,1,0,1
177,3,1483,696,787,1485,694,791,904,507,397,896,505,391,228,132,96
177,49,0,0,0,0,0,0,2,0,2,2,0,2,1,0,1
177,151,10,5,5,11,7,4,2,2,0,2,2,0,1,0,1
177,207,6,3,3,24,20,4,2,1,1,67,28,39,22,10,12
177,208,21,11,10,24,13,11,36,16,20,42,17,25,41,19,22
177,214,4,3,1,6,4,2,3,2,1,4,3,1,8,5,3
178,31,1,0,1,0,0,0,1,0,1,1,1,0,1,0,1
178,56,0,0,0,0,0,0,0,0,0,0,0,0,0,0,0
178,170,5,1,4,5,0,5,2,0,2,3,0,3,0,0,0
178,59,0,0,0,1,0,1,1,0,1,0,0,0,1,1,0
178,73,0,0,0,0,0,0,0,0,0,0,0,0,1,0,1
178,101,0,0,0,0,0,0,0,0,0,0,0,0,0,0,0
178,83,0,0,0,2,1,1,4,2,2,4,1,3,0,0,0
178,104,1025,560,465,1025,560,465,596,369,227,596,368,228,42,21,21
178,193,6,3,3,3,2,1,1,1,0,5,2,3,13,6,7
178,12,0,0,0,0,0,0,0,0,0,0,0,0,0,0,0
178,19,0,0,0,1,1,0,4,3,1,2,1,1,2,0,2
178,74,8,2,6,8,2,6,52,19,33,75,15,60,17,8,9
178,8,1,1,0,1,1,0,9,8,1,10,8,2,0,0,0
178,42,2,2,0,2,1,1,0,0,0,1,1,0,1,0,1
178,37,0,0,0,0,0,0,5,2,3,5,3,2,0,0,0
178,28,0,0,0,0,0,0,0,0,0,34,0,34,7,0,7
179,5,505,188,317,504,188,316,1208,510,698,1207,510,697,2587,1159,1428
179,39,16,9,7,7,4,3,26,13,13,1,1,0,11,6,5
179,66,123,72,51,122,72,50,286,178,108,285,178,107,299,189,110
179,77,392,183,209,669,313,356,291,137,154,469,222,247,383,174,209
179,34,636,340,296,636,341,295,1049,553,496,1049,553,496,63,24,39
179,206,2,1,1,2,1,1,3,2,1,11,6,5,4,2,2
179,56,0,0,0,0,0,0,1,1,0,1,1,0,0,0,0
179,59,0,0,0,0,0,0,0,0,0,0,0,0,0,0,0
179,73,0,0,0,0,0,0,0,0,0,0,0,0,0,0,0
179,218,37,9,28,39,10,29,394,152,242,434,169,265,113,35,78
179,83,0,0,0,1,1,0,2,2,0,1,1,0,0,0,0
179,104,17,3,14,17,3,14,16,6,10,15,6,9,2,1,1
179,163,3239,1457,1782,3597,1640,1957,2971,1294,1677,416,147,269,1541,296,1245
179,193,8,4,4,250,127,123,141,72,69,72,34,38,14,5,9
179,12,1,1,0,0,0,0,0,0,0,0,0,0,0,0,0
179,19,0,0,0,1,1,0,3,2,1,5,3,2,2,1,1
179,74,5,1,4,4,1,3,621,303,318,550,276,274,17,6,11
179,145,27,13,14,31,14,17,19,10,9,9,1,8,14,6,8
179,200,3,2,1,2,2,0,4,0,4,9,2,7,8,6,2
179,42,0,0,0,1,0,1,2,1,1,2,0,2,5,1,4
179,37,0,0,0,1,1,0,10,5,5,10,5,5,0,0,0
179,28,0,0,0,0,0,0,0,0,0,58,13,45,12,3,9
180,2,429,259,170,429,260,169,1606,1012,594,1605,1011,594,75,47,28
180,64,519,319,200,922,570,352,1141,875,266,565,260,305,1432,461,971
180,118,6403,5086,1317,6722,5449,1273,4078,3369,709,2703,2152,551,4010,2965,1045
180,191,227,81,146,120,38,82,50,25,25,183,97,86,140,77,63
180,89,104,95,9,65,29,36,698,233,465,857,307,550,273,117,156
180,130,28,23,5,29,19,10,10,6,4,6,4,2,3,2,1
180,181,53,21,32,47,13,34,49,26,23,108,63,45,37,18,19
180,98,1876,851,1025,1876,852,1024,180,123,57,187,109,78,156,101,55
180,161,257,137,120,393,221,172,96,58,38,59,42,17,11,7,4
180,203,0,0,0,0,0,0,0,0,0,1,1,0,1,0,1
180,97,291,65,226,291,64,227,416,225,191,417,225,192,167,90,77
180,194,152,124,28,154,87,67,314,93,221,645,329,316,91,85,6
180,15,47,31,16,48,31,17,135,96,39,201,141,60,84,59,25
180,55,24,12,12,24,12,12,49,26,23,94,51,43,10,6,4
180,100,93,21,72,114,73,41,179,132,47,29,18,11,66,34,32
180,107,1307,1135,172,1306,1143,163,2715,2176,539,2523,1981,542,6032,4709,1323
180,111,88,87,1,267,189,78,354,253,101,626,432,194,364,144,220
180,115,588,469,119,588,469,119,603,354,249,603,354,249,616,432,184
180,154,380,273,107,213,170,43,94,82,12,22,11,11,928,672,256
180,165,3630,3333,297,2157,1566,591,11733,8931,2802,6005,3845,2160,157,115,42
180,195,485,290,195,484,289,195,855,356,499,849,354,495,215,129,86
180,211,368,197,171,382,201,181,124,20,104,129,20,109,97,14,83
180,217,540,373,167,599,406,193,791,580,211,3129,2274,855,803,583,220
180,31,7,4,3,7,4,3,9,5,4,8,5,3,4,3,1
180,56,2,2,0,2,2,0,28,26,2,26,24,2,130,97,33
180,95,33,26,7,33,25,8,53,40,13,52,39,13,63,40,23
180,162,5,2,3,4,3,1,76,39,37,80,40,40,6,2,4
180,170,53,7,46,51,1,50,6,5,1,9,7,2,5,3,2
180,187,8,8,0,12,12,0,3,2,1,3,3,0,7,6,1
180,59,72,37,35,71,36,35,29,16,13,29,16,13,17,8,9
180,73,76,36,40,76,36,40,43,23,20,42,23,19,129,56,73
180,96,1,0,1,0,0,0,1,1,0,0,0,0,5,3,2
180,101,147,72,75,272,143,129,29,15,14,82,59,23,9,2,7
180,114,0,0,0,0,0,0,1,1,0,1,1,0,1,1,0
180,153,33,20,13,134,67,67,36,15,21,132,65,67,231,134,97
180,199,123,61,62,57,27,30,187,95,92,635,344,291,1401,794,607
180,218,2096,1162,934,2203,1212,991,11044,6548,4496,12636,7537,5099,3971,2101,1870
180,83,42,22,20,34,22,12,22,16,6,21,16,5,17,13,4
180,104,38,20,18,37,20,17,435,235,200,435,235,200,16,8,8
180,127,2,1,1,2,1,1,5,2,3,5,3,2,6,4,2
180,193,37,25,12,122,79,43,142,89,53,69,42,27,318,202,116
180,12,34,22,12,34,22,12,39,20,19,38,19,19,69,42,27
180,19,0,0,0,1,1,0,12,10,2,9,8,1,40,20,20
180,74,40,12,28,40,13,27,839,523,316,168,16,152,188,96,92
180,80,128,96,32,128,96,32,1437,819,618,1437,820,617,125,73,52
180,145,210,106,104,234,117,117,190,99,91,353,200,153,417,271,146
180,200,120,74,46,122,75,47,98,41,57,113,18,95,148,109,39
180,62,3,3,0,2,2,0,10,8,2,8,7,1,1,1,0
180,50,0,0,0,4,3,1,3,2,1,6,4,2,1,1,0
180,88,11,4,7,10,3,7,6,5,1,8,6,2,4,4,0
180,133,19,4,15,21,9,12,41,19,22,25,10,15,2,1,1
180,157,7,6,1,10,8,2,3,1,2,5,1,4,7,4,3
180,8,4,2,2,4,1,3,43,26,17,44,27,17,0,0,0
180,24,3,3,0,3,2,1,3,3,0,2,2,0,2,2,0
180,42,6,5,1,4,4,0,3,1,2,3,0,3,7,3,4
180,46,12,11,1,12,10,2,9,7,2,3,0,3,5,3,2
180,63,4,2,2,3,2,1,7,5,2,17,10,7,27,17,10
180,160,2,1,1,4,2,2,5,3,2,2,1,1,2,1,1
180,225,151,97,54,167,104,63,134,102,32,148,113,35,124,79,45
180,37,3986,1919,2067,4122,1985,2137,5856,3896,1960,6798,4434,2364,2645,1531,1114
180,220,3887,1780,2107,4564,2108,2456,5803,2664,3139,6133,2443,3690,29477,12865,16612
180,11,504,265,239,440,233,207,1450,840,610,9620,6410,3210,2507,945,1562
180,147,44,27,17,155,66,89,349,169,180,686,332,354,666,321,345
180,68,0,0,0,0,0,0,0,0,0,1,0,1,0,0,0
180,28,0,0,0,0,0,0,0,0,0,325,236,89,66,48,18
181,230,23,20,3,28,24,4,13,11,2,39,25,14,71,41,30
181,48,968,717,251,2155,1597,558,2636,363,2273,4206,2480,1726,3284,2419,865
181,77,1839,1463,376,3134,2494,640,1365,1089,276,2197,1753,444,1795,1420,375
181,64,50,41,9,23,19,4,59,52,7,29,21,8,74,48,26
181,118,144,104,40,128,87,41,110,97,13,86,76,10,126,108,18
181,139,101,61,40,61,22,39,31,7,24,146,71,75,467,231,236
181,210,2,0,2,48,26,22,14,5,9,40,20,20,94,49,45
181,228,101,61,40,102,62,40,203,130,73,203,129,74,231,149,82
181,142,2,1,1,2,2,0,9,5,4,2,1,1,3,1,2
181,191,1009,884,125,534,463,71,228,205,23,810,740,70,778,711,67
181,32,483,264,219,499,281,218,452,245,207,440,232,208,176,96,80
181,34,243,139,104,243,140,103,398,197,201,398,197,201,55,27,28
181,51,1030,669,361,3023,2119,904,1964,1364,600,1305,904,401,700,486,214
181,78,17047,7351,9696,22756,10238,12518,869,818,51,2456,1094,1362,4119,1929,2190
181,81,4,2,2,6,2,4,24,17,7,22,16,6,11,7,4
181,89,1035,972,63,650,400,250,6941,3715,3226,8525,4709,3816,2719,1635,1084
181,90,11582,5671,5911,8516,4152,4364,1146,728,418,1190,595,595,632,244,388
181,117,6,2,4,4,1,3,43,13,30,126,68,58,20,19,1
181,126,359,121,238,1821,838,983,2186,1153,1033,3434,1763,1671,402,200,202
181,130,57645,32024,25621,3835,2536,1299,1311,817,494,680,504,176,331,262,69
181,149,178,103,75,186,108,78,19,12,7,19,11,8,16,10,6
181,184,19,19,0,18,18,0,16,14,2,5,5,0,2,2,0
181,206,61,33,28,68,37,31,77,42,35,206,133,73,113,64,49
181,55,1,0,1,1,1,0,2,1,1,4,2,2,0,0,0
181,211,23,14,9,24,14,10,1,0,1,1,0,1,0,0,0
181,31,2,1,1,1,1,0,3,2,1,2,1,1,4,3,1
181,56,4,3,1,3,2,1,21,20,1,19,18,1,8,7,1
181,95,6,4,2,6,4,2,4,3,1,3,3,0,6,5,1
181,162,5,4,1,6,5,1,32,23,9,34,24,10,3,2,1
181,169,0,0,0,0,0,0,0,0,0,0,0,0,36,15,21
181,170,7,2,5,7,1,6,14,3,11,15,4,11,2,2,0
181,59,23,12,11,23,12,11,26,13,13,25,12,13,24,19,5
181,73,10,9,1,9,8,1,47,36,11,46,36,10,77,62,15
181,96,2,1,1,1,1,0,4,2,2,4,3,1,7,5,2
181,101,8,4,4,14,7,7,0,0,0,4,3,1,0,0,0
181,153,8,5,3,27,16,11,27,13,14,79,53,26,73,47,26
181,199,34,19,15,16,9,7,98,47,51,206,141,65,233,166,67
181,218,296,160,136,303,163,140,550,314,236,653,377,276,233,120,113
181,83,18,9,9,17,8,9,304,285,19,304,286,18,16,15,1
181,104,3366,569,2797,3364,568,2796,17686,12190,5496,17686,12191,5495,678,332,346
181,163,213,157,56,231,170,61,714,586,128,492,413,79,179,126,53
181,193,1240,982,258,3209,2599,610,19067,16028,3039,29498,25092,4406,8693,7829,864
181,12,24,17,7,24,18,6,27,16,11,27,16,11,49,34,15
181,19,5,4,1,25,15,10,334,214,120,386,138,248,1523,1078,445
181,74,2386,867,1519,2385,867,1518,20652,8459,12193,9744,8021,1723,8902,4854,4048
181,80,400,219,181,400,220,180,729,273,456,729,273,456,139,92,47
181,121,2,1,1,1,1,0,4,1,3,2,1,1,12,7,5
181,145,142,99,43,159,110,49,253,144,109,62,11,51,93,50,43
181,200,330,212,118,336,217,119,200,92,108,235,50,185,349,269,80
181,50,0,0,0,0,0,0,0,0,0,0,0,0,0,0,0
181,133,8,5,3,11,6,5,4,3,1,8,4,4,12,11,1
181,148,17,9,8,47,18,29,51,19,32,11,6,5,13,6,7
181,24,2,2,0,2,1,1,4,3,1,3,3,0,1,1,0
181,42,7,4,3,7,3,4,1,0,1,2,1,1,2,1,1
181,225,1,1,0,0,0,0,0,0,0,1,0,1,1,1,0
181,37,653,314,339,679,326,353,1758,1033,725,1972,1151,821,650,357,293
181,220,3995,2776,1219,4252,2960,1292,9627,2762,6865,9876,4676,5200,8111,3927,4184
181,11,46,29,17,35,22,13,40,30,10,120,90,30,43,3,40
181,36,0,0,0,0,0,0,3172,2561,611,648,501,147,197,149,48
181,68,0,0,0,0,0,0,0,0,0,2,1,1,0,0,0
181,28,0,0,0,0,0,0,0,0,0,184,163,21,38,34,4
182,191,414,68,346,189,108,81,344,155,189,1133,576,557,1078,557,521
182,55,261,107,154,261,107,154,534,234,300,1017,472,545,119,69,50
182,107,19,4,15,18,4,14,31,16,15,28,12,16,70,32,38
182,18,11,6,5,10,6,4,1,1,0,2,2,0,1,1,0
182,31,333,150,183,332,149,183,528,264,264,454,228,226,574,338,236
182,56,591,367,224,591,367,224,724,396,328,858,452,406,621,360,261
182,95,8421,4114,4307,8420,4114,4306,3961,2124,1837,3961,2125,1836,13961,8005,5956
182,162,687,361,326,586,304,282,1234,485,749,1163,457,706,39,20,19
182,169,690,353,337,624,275,349,94,14,80,177,86,91,405,126,279
182,187,326,193,133,521,307,214,150,98,52,167,109,58,327,217,110
182,59,96,50,46,95,49,46,2155,1159,996,2155,1158,997,171,86,85
182,73,0,0,0,0,0,0,43,23,20,43,23,20,82,41,41
182,96,151,88,63,151,89,62,148,102,46,148,102,46,13,10,3
182,101,0,0,0,0,0,0,0,0,0,0,0,0,0,0,0
182,114,9,4,5,8,4,4,3,3,0,3,3,0,1,1,0
182,153,0,0,0,0,0,0,0,0,0,2295,1143,1152,1804,915,889
182,199,0,0,0,0,0,0,0,0,0,5324,2777,2547,3971,2070,1901
182,218,2002,770,1232,2063,797,1266,916,366,550,1452,646,806,989,384,605
182,26,4841,2332,2509,4847,2331,2516,12317,5998,6319,4065,1912,2153,1057,517,540
182,52,0,0,0,0,0,0,25928,11407,14521,25928,11407,14521,329,60,269
182,83,2508,1095,1413,2549,1088,1461,337,313,24,336,313,23,206,151,55
182,104,30181,16443,13738,30181,16444,13737,16317,8721,7596,16317,8721,7596,856,424,432
182,127,18,12,6,183,113,70,170,105,65,41,25,16,130,92,38
182,163,53,47,6,59,51,8,53,50,3,67,66,1,4,0,4
182,188,1500,677,823,1324,608,716,7432,4417,3015,8876,4846,4030,5207,3222,1985
182,193,0,0,0,0,0,0,0,0,0,3726,1900,1826,186,6,180
182,204,1147,478,669,1147,478,669,441,188,253,441,188,253,1392,550,842
182,12,13780,7768,6012,13779,7767,6012,15906,6252,9654,15905,6252,9653,28301,14246,14055
182,19,2155,1055,1100,1935,953,982,9181,4739,4442,1899,923,976,5500,2874,2626
182,74,62,17,45,61,17,44,15267,7864,7403,61016,29539,31477,6397,3000,3397
182,80,84478,40068,44410,84478,40068,44410,247085,134426,112659,247086,134427,112659,3554,1703,1851
182,119,82,82,0,75,75,0,265,233,32,268,234,34,15,1,14
182,121,2314,1253,1061,2288,1237,1051,1929,1170,759,1952,1184,768,2051,1276,775
182,145,17142,8628,8514,18146,9102,9044,1252,124,1128,1355,83,1272,25152,16333,8819
182,200,41386,23220,18166,41537,23357,18180,29196,11640,17556,31374,7708,23666,25136,17880,7256
182,62,20,10,10,20,11,9,75,50,25,76,50,26,4,2,2
182,133,8,3,5,10,3,7,15,8,7,20,9,11,22,14,8
182,157,2,2,0,4,3,1,7,4,3,4,2,2,5,4,1
182,24,0,0,0,0,0,0,9,7,2,9,7,2,3,2,1
182,225,10,5,5,9,4,5,35,17,18,37,19,18,47,17,30
182,37,0,0,0,0,0,0,15576,7534,8042,16511,8007,8504,3772,1815,1957
182,220,2099,1062,1037,2422,1233,1189,7842,3944,3898,8066,3805,4261,7413,3591,3822
182,11,5348,2675,2673,2410,1263,1147,12790,6910,5880,2960,1900,1060,1647,642,1005
182,147,0,0,0,0,0,0,0,0,0,555,269,286,548,265,283
182,70,0,0,0,13,8,5,22,12,10,12,6,6,17,1,16
182,68,0,0,0,0,0,0,0,0,0,13,9,4,1,1,0
182,137,0,0,0,0,0,0,0,0,0,17454,7765,9689,115,47,68
182,28,0,0,0,0,0,0,0,0,0,429,151,278,88,31,57
183,131,8,2,6,19,4,15,22,7,15,28,11,17,16,10,6
183,219,72,43,29,19,12,7,40,24,16,10,6,4,331,156,175
183,64,1,0,1,1,1,0,3,2,1,1,0,1,4,2,2
183,27,22,3,19,28,7,21,52,29,23,53,30,23,66,37,29
183,142,4,1,3,5,3,2,16,6,10,3,1,2,5,1,4
183,191,105,44,61,143,57,86,54,18,36,197,78,119,188,77,111
183,194,2,2,0,3,2,1,7,2,5,14,8,6,1,1,0
183,55,1,0,1,1,1,0,2,1,1,4,2,2,0,0,0
183,56,1,1,0,0,0,0,0,0,0,1,1,0,3,1,2
183,59,4,2,2,3,2,1,3,2,1,2,2,0,3,2,1
183,73,1,0,1,1,1,0,2,0,2,2,0,2,3,1,2
183,101,3,1,2,7,3,4,1,1,0,2,2,0,0,0,0
183,199,7,2,5,4,1,3,10,2,8,6,2,4,6,4,2
183,218,82,75,7,102,61,41,200,83,117,445,197,248,425,138,287
183,83,10,7,3,12,8,4,4,3,1,4,3,1,1,1,0
183,104,339,44,295,339,45,294,60,30,30,59,30,29,28,14,14
183,193,3,1,2,73,24,49,41,14,27,7,6,1,5,1,4
183,12,3,1,2,3,2,1,4,1,3,3,1,2,7,4,3
183,19,0,0,0,1,1,0,3,1,2,4,1,3,3,1,2
183,74,16,1,15,14,0,14,81,61,20,98,42,56,45,11,34
183,145,18,7,11,21,6,15,0,0,0,7,2,5,5,3,2
183,200,7,1,6,7,2,5,16,3,13,36,8,28,35,21,14
183,24,0,0,0,0,0,0,0,0,0,0,0,0,0,0,0
183,37,10864,5291,5573,10587,5155,5432,99,58,41,42,29,13,105,48,57
183,11,187,62,125,43,10,33,90,0,90,50,10,40,184,70,114
183,28,0,0,0,0,0,0,0,0,0,29,29,0,6,6,0
184,64,5,3,2,4,3,1,9,6,3,4,1,3,11,0,11
184,118,35,31,4,37,34,3,33,25,8,19,14,5,26,17,9
184,142,11,4,7,15,7,8,46,22,24,7,3,4,14,6,8
184,191,145,91,54,75,45,30,82,40,42,131,92,39,90,62,28
184,34,7,3,4,6,3,3,9,4,5,9,4,5,1,1,0
184,51,73,38,35,41,24,17,19,11,8,2,1,1,24,13,11
184,78,5400,2905,2495,4617,2526,2091,17,17,0,48,23,25,81,41,40
184,81,1061,604,457,1205,577,628,969,602,367,1415,880,535,359,193,166
184,89,257140,126403,130737,92703,43595,49108,338713,165225,173488,13558,6101,7457,1541,705,836
184,90,437,206,231,436,206,230,97,40,57,97,40,57,46,20,26
184,117,116159,59405,56754,52948,26302,26646,44728,25483,19245,13848,5315,8533,1165,617,548
184,126,56,29,27,106,51,55,3623,1794,1829,3675,1815,1860,668,322,346
184,150,21,6,15,84,41,43,544,297,247,924,505,419,947,514,433
184,181,563,217,346,1518,140,1378,885,120,765,1484,511,973,391,187,204
184,206,6,3,3,7,4,3,8,4,4,23,10,13,12,6,6
184,55,1,1,0,0,0,0,1,1,0,2,2,0,0,0,0
184,229,0,0,0,0,0,0,0,0,0,0,0,0,0,0,0
184,31,0,0,0,0,0,0,1,1,0,0,0,0,1,1,0
184,56,2,1,1,0,0,0,5,4,1,5,5,0,7,7,0
184,95,7,7,0,7,7,0,5,5,0,5,5,0,2,2,0
184,59,92,43,49,91,42,49,38,16,22,38,16,22,22,5,17
184,73,8,6,2,7,5,2,38,27,11,38,28,10,46,32,14
184,96,3,2,1,2,1,1,2,1,1,1,1,0,1,1,0
184,101,67,38,29,124,75,49,10,5,5,37,28,9,4,1,3
184,114,0,0,0,1,1,0,1,1,0,1,1,0,1,1,0
184,153,24,7,17,42,14,28,180,87,93,93,39,54,49,19,30
184,199,32,17,15,15,7,8,297,150,147,173,96,77,138,76,62
184,218,5067,2314,2753,5257,2386,2871,2247,910,1337,3772,1700,2072,2777,1073,1704
184,83,92,39,53,86,37,49,39,23,16,40,24,16,6,5,1
184,104,364,178,186,363,178,185,280,222,58,279,221,58,20,10,10
184,163,14,13,1,17,14,3,6,4,2,3,2,1,4,2,2
184,193,179,143,36,348,275,73,952,465,487,487,217,270,179,128,51
184,12,19,15,4,19,16,3,22,16,6,22,16,6,38,28,10
184,19,208,167,41,231,181,50,100,11,89,179,79,100,428,299,129
184,74,23,5,18,23,5,18,216,203,13,238,5,233,98,43,55
184,80,2111,1802,309,2110,1801,309,1133,1085,48,1134,1086,48,108,75,33
184,145,299,234,65,332,258,74,4346,3331,1015,1170,1121,49,450,363,87
184,200,90,88,2,92,88,4,23,11,12,29,4,25,50,39,11
184,24,0,0,0,0,0,0,1,1,0,1,1,0,0,0,0
184,42,0,0,0,0,0,0,0,0,0,0,0,0,1,1,0
184,37,390,188,202,404,195,209,664,364,300,764,416,348,287,149,138
184,220,6526,3656,2870,7088,3986,3102,5860,1722,4138,6189,1135,5054,3681,1561,2120
184,11,75,37,38,65,32,33,1300,630,670,1790,930,860,553,257,296
184,28,0,0,0,0,0,0,0,0,0,6,6,0,1,1,0
185,64,15,8,7,21,12,9,20,15,5,10,4,6,25,6,19
185,118,144,103,41,150,109,41,82,66,16,52,39,13,75,52,23
185,191,75,13,62,27,26,1,74,32,42,269,129,140,207,102,105
185,44,769,354,415,768,354,414,749,135,614,770,145,625,458,127,331
185,106,381,148,233,365,140,225,429,183,246,143,50,93,274,131,143
185,30,27,9,18,27,9,18,32,22,10,32,22,10,32,22,10
185,35,93,60,33,92,60,32,53,33,20,53,32,21,13,8,5
185,98,1471,942,529,1470,941,529,9132,5272,3860,9809,5208,4601,1561,983,578
185,124,2149,1459,690,5659,2827,2832,14779,7881,6898,22239,12370,9869,3424,2820,604
185,161,42,34,8,72,66,6,276,214,62,300,230,70,13,11,2
185,203,79,57,22,73,52,21,90,83,7,48,43,5,52,51,1
185,205,5,2,3,6,2,4,5,4,1,13,6,7,1,0,1
185,226,228,119,109,524,296,228,174,112,62,231,85,146,300,142,158
185,16,1493,1169,324,1494,1170,324,747,650,97,747,651,96,520,457,63
185,23,2,1,1,1,0,1,3,2,1,3,2,1,1,0,1
185,97,2067,946,1121,2067,945,1122,393,164,229,394,164,230,157,65,92
185,125,7,2,5,5,5,0,3,2,1,15,13,2,19,18,1
185,194,70,54,16,72,36,36,146,27,119,301,129,172,10,7,3
185,55,4,1,3,3,0,3,7,1,6,13,3,10,2,2,0
185,211,68,23,45,69,23,46,7,1,6,7,1,6,8,3,5
185,31,1,0,1,1,0,1,2,1,1,1,0,1,5,5,0
185,56,2,1,1,2,1,1,13,8,5,11,8,3,18,12,6
185,95,8,4,4,9,5,4,14,7,7,13,6,7,7,7,0
185,170,3,2,1,1,0,1,5,3,2,6,5,1,1,1,0
185,59,72,33,39,71,33,38,151,68,83,151,69,82,96,53,43
185,73,10,2,8,9,2,7,53,19,34,52,18,34,79,31,48
185,96,3,1,2,2,0,2,2,0,2,1,0,1,6,4,2
185,101,73,32,41,137,67,70,16,8,8,41,29,12,5,1,4
185,114,0,0,0,1,0,1,3,2,1,1,1,0,1,0,1
185,153,46,24,22,51,10,41,93,38,55,137,62,75,159,63,96
185,199,75,33,42,35,14,21,39,28,11,280,115,165,42,31,11
185,218,2603,1225,1378,3208,1463,1745,936,835,101,2174,804,1370,4982,1954,3028
185,83,24,11,13,25,11,14,7,3,4,7,4,3,4,3,1
185,104,84,15,69,84,16,68,180,74,106,179,73,106,14,7,7
185,127,2,1,1,2,2,0,3,0,3,14,9,5,7,5,2
185,163,8,3,5,10,3,7,2,2,0,2,0,2,3,0,3
185,193,18,6,12,587,233,354,332,133,199,113,42,71,82,26,56
185,12,21,10,11,20,10,10,23,6,17,23,6,17,41,17,24
185,19,163,33,130,154,31,123,297,79,218,29,5,24,74,27,47
185,74,44,6,38,44,6,38,753,408,345,220,149,71,172,66,106
185,80,169,9,160,168,8,160,848,357,491,848,357,491,95,37,58
185,145,163,59,104,247,95,152,299,130,169,236,65,171,409,196,213
185,200,232,126,106,237,130,107,159,37,122,236,24,212,278,186,92
185,50,8,4,4,3,1,2,2,2,0,4,4,0,0,0,0
185,133,24,13,11,27,15,12,12,6,6,4,3,1,3,2,1
185,157,4,4,0,6,5,1,8,3,5,11,4,7,7,3,4
185,8,0,0,0,0,0,0,1,0,1,1,0,1,0,0,0
185,24,2,1,1,0,0,0,2,1,1,3,1,2,0,0,0
185,42,18,14,4,17,13,4,11,6,5,12,6,6,23,15,8
185,225,1,1,0,0,0,0,0,0,0,2,1,1,1,0,1
185,37,1665,789,876,1848,879,969,838,324,514,1461,635,826,1392,649,743
185,220,3599,1538,2061,4274,1846,2428,3190,1389,1801,3484,1178,2306,3866,1520,2346
185,11,2661,1286,1375,4438,1828,2610,8830,3860,4970,10480,4280,6200,14262,7234,7028
185,147,297,121,176,421,417,4,841,405,436,508,242,266,427,201,226
185,158,5,2,3,19,13,6,10,9,1,14,12,2,2,1,1
185,68,0,0,0,0,0,0,0,0,0,3,2,1,0,0,0
185,28,0,0,0,0,0,0,0,0,0,114,23,91,23,4,19
186,145,2193,961,1232,2744,1213,1531,3304,1599,1705,461,150,311,315,203,112
186,7,6,3,3,5,3,2,2,1,1,1,1,0,1,0,1
186,10,188,99,89,187,99,88,89,47,42,77,41,36,35,19,16
186,25,7,5,2,7,5,2,18,13,5,152,89,63,62,41,21
186,176,3,1,2,8,6,2,2,1,1,4,3,1,7,6,1
186,24,7,2,5,40,21,19,40,20,20,4,1,3,5,4,1
186,46,1,1,0,1,0,1,1,1,0,2,1,1,1,0,1
186,54,0,0,0,0,0,0,0,0,0,460,198,262,39,17,22
187,64,15,8,7,10,5,5,9,6,3,4,0,4,13,1,12
187,191,37,25,12,11,8,3,34,24,10,125,91,34,95,70,25
187,136,2,1,1,1,0,1,2,0,2,2,1,1,1,1,0
187,55,14,4,10,14,5,9,29,10,19,54,21,33,6,3,3
187,107,8,2,6,8,3,5,12,7,5,12,7,5,27,15,12
187,211,108,50,58,109,50,59,8,0,8,9,1,8,8,2,6
187,18,3,1,2,3,1,2,1,0,1,1,0,1,2,0,2
187,31,44,12,32,44,12,32,68,22,46,59,20,39,37,9,28
187,56,35127,19820,15307,35127,19821,15306,30597,17042,13555,39623,19540,20083,17298,7814,9484
187,95,7387,2592,4795,7386,2592,4794,3549,1466,2083,3549,1467,2082,260,14,246
187,162,311,149,162,266,126,140,137,39,98,91,25,66,49,13,36
187,170,26,23,3,22,6,16,395,215,180,367,201,166,34,13,21
187,59,8,3,5,8,3,5,383,213,170,382,212,170,462,199,263
187,73,7,4,3,7,4,3,54,35,19,53,35,18,93,38,55
187,96,1,0,1,1,1,0,117,82,35,116,82,34,56,46,10
187,101,1822,862,960,3050,1540,1510,3909,2752,1157,2396,1384,1012,249,83,166
187,114,2,0,2,2,1,1,19,12,7,20,13,7,10,6,4
187,120,2,1,1,4,2,2,11,5,6,9,3,6,5,3,2
187,153,12,3,9,123,49,74,349,194,155,1558,1124,434,1792,1091,701
187,199,36,12,24,17,5,12,293,113,180,677,354,323,306,148,158
187,218,1805,104,1701,1861,113,1748,26338,12773,13565,28899,14062,14837,7447,2935,4512
187,26,1055,536,519,1055,537,518,2830,1414,1416,552,268,284,351,174,177
187,52,279,58,221,250,55,195,56,17,39,55,17,38,6,1,5
187,83,151,136,15,141,136,5,238,24,214,237,24,213,47,33,14
187,104,1525,235,1290,1525,236,1289,3861,1143,2718,3860,1143,2717,292,145,147
187,127,3,1,2,24,10,14,24,9,15,31,0,31,24,11,13
187,163,10,4,6,11,4,7,31,5,26,22,3,19,12,2,10
187,182,313,91,222,134,32,102,6,6,0,11,4,7,12,4,8
187,188,41,8,33,43,9,34,64,15,49,413,168,245,137,48,89
187,193,102,47,55,194,93,101,2873,1302,1571,4033,1942,2091,691,353,338
187,204,3,1,2,2,1,1,0,0,0,1,0,1,2,1,1
187,12,1919,863,1056,1918,862,1056,2214,519,1695,2214,519,1695,3940,1473,2467
187,19,2,1,1,19,6,13,1225,579,646,2220,1041,1179,2428,1172,1256
187,74,90,11,79,89,10,79,340,5,335,827,423,404,336,124,212
187,80,4085,2725,1360,4084,2725,1359,8491,932,7559,8490,932,7558,1428,553,875
187,119,3,1,2,3,0,3,4,1,3,4,0,4,5,0,5
187,121,4,1,3,2,1,1,199,88,111,202,88,114,246,113,133
187,145,5,2,3,8,3,5,79,46,33,113,73,40,286,147,139
187,200,1210,477,733,1227,491,736,2352,785,1567,2510,375,2135,1858,1191,667
187,50,5,3,2,2,1,1,6,4,2,11,7,4,1,1,0
187,133,19,2,17,16,2,14,30,5,25,39,9,30,40,21,19
187,157,0,0,0,1,0,1,11,4,7,13,4,9,6,2,4
187,24,6,4,2,5,3,2,3,3,0,3,3,0,3,2,1
187,42,11,4,7,11,5,6,9,1,8,10,2,8,21,9,12
187,63,2,1,1,2,1,1,3,1,2,10,5,5,15,7,8
187,225,1,0,1,0,0,0,0,0,0,2,0,2,2,1,1
187,37,49,3,46,288,117,171,896,423,473,1587,771,816,1540,738,802
187,11,1974,1007,967,1699,866,833,430,360,70,460,270,190,667,346,321
187,68,0,0,0,0,0,0,0,0,0,15,4,11,1,0,1
187,137,0,0,0,0,0,0,0,0,0,54,49,5,2,2,0
187,28,0,0,0,0,0,0,0,0,0,210,101,109,43,21,22
188,39,27,15,12,24,14,10,16,9,7,1,1,0,6,3,3
188,55,2,1,1,1,0,1,3,1,2,6,2,4,1,1,0
188,211,50,23,27,51,23,28,4,1,3,4,0,4,4,1,3
188,31,6,3,3,5,3,2,8,4,4,7,4,3,44,27,17
188,56,32,18,14,32,18,14,54,43,11,40,37,3,93,58,35
188,95,93,44,49,93,45,48,66,36,30,66,36,30,8,7,1
188,162,27,13,14,22,10,12,33,21,12,31,23,8,5,2,3
188,170,17,3,14,16,1,15,117,79,38,114,76,38,6,4,2
188,187,80,55,25,108,72,36,25,17,8,27,19,8,55,39,16
188,59,4,1,3,4,2,2,88,44,44,87,44,43,99,51,48
188,73,2,1,1,2,2,0,12,7,5,11,7,4,26,14,12
188,96,2,1,1,1,1,0,10,6,4,9,5,4,3,0,3
188,101,27,12,15,49,24,25,73,45,28,46,20,26,4,1,3
188,114,1,1,0,1,0,1,3,2,1,4,3,1,2,1,1
188,153,10,5,5,49,20,29,51,28,23,78,37,41,189,102,87
188,199,100,53,47,47,23,24,138,53,85,162,96,66,231,100,131
188,218,422,116,306,436,121,315,363,157,206,491,216,275,252,82,170
188,26,284,109,175,283,108,175,1291,494,797,99,18,81,203,81,122
188,52,3179,1383,1796,6040,2148,3892,630,4,626,631,5,626,124,10,114
188,83,27,13,14,32,15,17,13,1,12,13,1,12,7,5,2
188,104,1780,600,1180,1780,601,1179,333,134,199,335,135,200,99,49,50
188,127,2,1,1,11,6,5,13,7,6,12,8,4,5,4,1
188,163,10,4,6,12,5,7,13,4,9,7,2,5,6,1,5
188,182,7187,3246,3941,3067,1258,1809,157,141,16,257,117,140,253,127,126
188,193,60,23,37,108,45,63,234,127,107,560,290,270,301,102,199
188,204,17,7,10,16,7,9,6,3,3,6,2,4,19,8,11
188,12,1631,773,858,1631,774,857,583,123,460,584,123,461,2597,1191,1406
188,19,1,0,1,6,3,3,198,66,132,395,159,236,289,141,148
188,74,109,19,90,108,18,90,718,375,343,456,171,285,196,80,116
188,80,6581,2818,3763,6580,2818,3762,6127,2087,4040,6127,2088,4039,1324,592,732
188,119,10,2,8,10,1,9,19,2,17,21,3,18,1,1,0
188,121,3,1,2,2,2,0,132,66,66,136,68,68,167,86,81
188,145,8,4,4,11,4,7,10,8,2,37,20,17,79,34,45
188,200,455,125,330,444,116,328,357,93,264,489,37,452,583,387,196
188,133,4,2,2,6,3,3,6,4,2,6,1,5,18,12,6
188,8,42,9,33,42,9,33,446,203,243,446,203,243,3,1,2
188,24,4,2,2,4,3,1,0,0,0,0,0,0,1,1,0
188,42,9,4,5,8,4,4,8,3,5,8,2,6,15,7,8
188,46,0,0,0,1,0,1,1,0,1,3,2,1,2,1,1
188,160,2,1,1,4,2,2,4,2,2,2,2,0,2,2,0
188,225,2,1,1,1,1,0,4,3,1,5,2,3,6,3,3
188,37,44,3,41,252,102,150,784,432,352,273,177,96,967,452,515
188,220,1219,617,602,1407,717,690,29,15,14,103,14,89,2666,1298,1368
188,11,958,442,516,475,204,271,190,40,150,370,290,80,177,86,91
188,68,0,0,0,0,0,0,0,0,0,8,6,2,1,1,0
188,137,0,0,0,0,0,0,0,0,0,1438,501,937,179,68,111
188,28,0,0,0,0,0,0,0,0,0,175,96,79,36,20,16
189,56,0,0,0,0,0,0,0,0,0,0,0,0,0,0,0
189,59,0,0,0,0,0,0,1,1,0,0,0,0,1,1,0
189,73,0,0,0,0,0,0,2,1,1,2,1,1,2,0,2
189,96,0,0,0,0,0,0,1,0,1,0,0,0,0,0,0
189,101,1,1,0,2,1,1,0,0,0,1,1,0,0,0,0
189,218,128,56,72,132,57,75,7,3,4,24,15,9,39,17,22
189,83,6,2,4,7,3,4,9,4,5,10,4,6,0,0,0
189,104,2,1,1,2,2,0,2,1,1,3,2,1,0,0,0
189,12,1,0,1,1,1,0,1,0,1,1,1,0,2,1,1
189,74,0,0,0,0,0,0,4,1,3,3,0,3,0,0,0
189,24,0,0,0,0,0,0,1,0,1,0,0,0,0,0,0
189,42,0,0,0,0,0,0,0,0,0,0,0,0,0,0,0
189,37,0,0,0,1,0,1,18,9,9,17,8,9,0,0,0
189,11,211,89,122,137,58,79,290,120,170,250,130,120,413,173,240
189,72,10,9,1,2,1,1,2,0,2,47,29,18,20,14,6
189,158,19,13,6,84,40,44,16,13,3,39,24,15,5,4,1
189,224,18,4,14,14,9,5,24,12,12,38,19,19,6,3,3
189,143,3,3,0,3,3,0,2,1,1,2,2,0,1,0,1
189,177,5,1,4,6,2,4,2,1,1,1,0,1,1,0,1
190,60,18591,9914,8677,605,370,235,6968,1436,5532,7856,1759,6097,8924,4871,4053
190,67,169,128,41,168,128,40,321,124,197,319,125,194,42,35,7
190,69,157325,93140,64185,70196,48807,21389,61874,20537,41337,34064,27731,6333,81301,36310,44991
190,109,95868,50361,45507,55454,27480,27974,100509,55899,44610,139047,65502,73545,89717,46671,43046
190,123,150,43,107,2,2,0,2,1,1,1,1,0,2,0,2
190,183,2,1,1,2,1,1,21,13,8,22,13,9,6,4,2
190,215,642,318,324,220,57,163,574,278,296,9340,4865,4475,17418,8933,8485
190,219,3780,1868,1912,592,233,359,957,363,594,1151,1071,80,694,344,350
190,2,5322,3058,2264,5322,3058,2264,4731,2687,2044,4730,2687,2043,221,126,95
190,64,4837,2721,2116,5331,2990,2341,6199,4112,2087,1406,531,875,3564,780,2784
190,118,36171,24308,11863,36830,25066,11764,12711,10274,2437,7965,6074,1891,11819,8224,3595
190,196,22,11,11,21,8,13,5,3,2,48,25,23,44,23,21
190,142,7,4,3,8,7,1,26,18,8,4,2,2,8,5,3
190,191,359,124,235,3335,1725,1610,3045,1097,1948,12475,5708,6767,47959,26141,21818
190,198,10,5,5,35,17,18,16,7,9,14,5,9,12,11,1
190,124,70,40,30,83,46,37,324,194,130,398,244,154,41,36,5
190,203,7,4,3,10,5,5,49,24,25,54,27,27,21,11,10
190,15,34,21,13,36,20,16,102,65,37,215,141,74,208,142,66
190,55,1,0,1,1,1,0,2,1,1,5,3,2,1,1,0
190,100,173,96,77,70,45,25,108,80,28,18,11,7,39,20,19
190,107,34,19,15,34,20,14,40,30,10,38,28,10,90,65,25
190,111,420,201,219,238,225,13,154,72,82,675,423,252,410,116,294
190,165,75,59,16,49,40,9,422,319,103,954,804,150,366,277,89
190,201,145,73,72,98,49,49,683,352,331,1636,833,803,224,114,110
190,211,100,62,38,20,14,6,55,31,24,866,491,375,1221,695,526
190,217,726,532,194,917,656,261,220,138,82,4008,2840,1168,2173,1541,632
190,229,24913,14606,10307,7328,3864,3464,23110,16855,6255,102271,50549,51722,51290,23089,28201
190,31,1,1,0,0,0,0,1,1,0,0,0,0,12,8,4
190,56,1,0,1,1,1,0,17,9,8,15,9,6,1,1,0
190,95,134,105,29,133,104,29,64,51,13,64,51,13,153,134,19
190,170,14,3,11,14,1,13,26,8,18,26,9,17,2,1,1
190,59,5501,2887,2614,5501,2887,2614,569,315,254,570,315,255,234,147,87
190,73,1718,968,750,1718,968,750,2480,1256,1224,2480,1256,1224,4040,1728,2312
190,96,1,0,1,0,0,0,0,0,0,0,0,0,0,0,0
190,101,180,91,89,336,182,154,36,19,17,100,73,27,11,3,8
190,114,0,0,0,0,0,0,2,2,0,3,2,1,1,0,1
190,153,2007,1078,929,3152,1599,1553,6321,3417,2904,5236,2573,2663,9040,4804,4236
190,199,1919,978,941,884,427,457,2963,1358,1605,21801,10778,11023,21367,10751,10616
190,218,17804,7760,10044,18207,7919,10288,25506,10461,15045,31009,13245,17764,12171,4460,7711
190,83,11,7,4,11,6,5,346,273,73,346,274,72,22,19,3
190,104,2260,668,1592,2261,669,1592,2356,2278,78,2356,2279,77,168,83,85
190,127,2,1,1,1,1,0,4,2,2,951,722,229,245,199,46
190,193,10,7,3,321,230,91,181,130,51,139,73,66,35,24,11
190,12,86,57,29,85,56,29,99,52,47,99,52,47,176,107,69
190,19,208,167,41,231,181,50,70,35,35,160,84,76,1480,833,647
190,74,48,11,37,48,11,37,117,68,49,277,128,149,142,64,78
190,80,1468,286,1182,1466,285,1181,317,47,270,318,48,270,245,144,101
190,145,9529,5331,4198,9873,5510,4363,6181,3663,2518,4783,2904,1879,7252,3199,4053
190,200,322,288,34,330,298,32,481,229,252,553,133,420,735,559,176
190,50,0,0,0,0,0,0,0,0,0,0,0,0,0,0,0
190,148,3,1,2,9,1,8,11,1,10,2,1,1,2,0,2
190,8,0,0,0,0,0,0,1,1,0,1,1,0,0,0,0
190,24,0,0,0,0,0,0,2,0,2,1,0,1,0,0,0
190,42,0,0,0,1,1,0,2,0,2,4,1,3,5,2,3
190,37,92,5,87,547,222,325,1018,318,700,1616,277,1339,2603,1129,1474
190,220,16278,8096,8182,17045,8507,8538,38968,19572,19396,39885,18956,20929,30966,15001,15965
190,11,1752,875,877,1627,812,815,760,290,470,1710,790,920,1533,725,808
190,147,89,46,43,1220,595,625,51,23,28,303,148,155,325,159,166
190,68,0,0,0,0,0,0,0,0,0,2,0,2,0,0,0
191,67,46,28,18,46,28,18,35,25,10,34,24,10,2,2,0
191,109,12,9,3,84,51,33,3,0,3,12,3,9,2,1,1
191,123,7903,3741,4162,342,168,174,416,201,215,149,74,75,98,48,50
191,131,14,11,3,115,37,78,105,46,59,129,67,62,81,52,29
191,140,689,526,163,2550,1738,812,9222,4815,4407,9164,4564,4600,331,130,201
191,183,141,130,11,142,131,11,93,81,12,95,82,13,28,22,6
191,219,138,84,54,35,21,14,77,47,30,19,12,7,34,21,13
191,230,3668,1872,1796,1125,578,547,635,327,308,902,446,456,269,119,150
191,231,3887,2228,1659,1711,973,738,1986,1133,853,100,55,45,300,178,122
191,5,395,152,243,394,151,243,946,410,536,946,411,535,2026,930,1096
191,39,11,7,4,10,3,7,19,15,4,1,1,0,8,6,2
191,77,1,1,0,2,2,0,0,0,0,1,1,0,1,1,0
191,64,20,13,7,6,5,1,31,23,8,15,5,10,39,8,31
191,118,38,9,29,31,1,30,82,65,17,50,37,13,73,50,23
191,27,3549,2299,1250,4531,2940,1591,7057,4506,2551,7131,4558,2573,9217,5812,3405
191,116,249,52,197,149,31,118,51,26,25,52,26,26,66,34,32
191,142,548,233,315,856,402,454,2330,1194,1136,321,151,170,706,333,373
191,198,12835,5913,6922,1532,177,1355,1435,251,1184,1087,73,1014,444,330,114
191,172,4,1,3,3,0,3,12,5,7,13,7,6,15,8,7
191,184,6,6,0,6,6,0,6,4,2,2,2,0,1,1,0
191,166,190,83,107,252,117,135,388,175,213,718,296,422,676,351,325
191,161,269,134,135,397,196,201,45,24,21,17,12,5,13,8,5
191,194,30,23,7,31,15,16,63,11,52,130,55,75,4,3,1
191,55,512,206,306,511,205,306,1047,450,597,1995,913,1082,232,134,98
191,103,1062,418,644,526,221,305,564,235,329,694,284,410,356,133,223
191,107,24,19,5,24,19,5,31,25,6,28,21,7,70,55,15
191,211,101,52,49,103,52,51,8,1,7,8,1,7,6,1,5
191,31,26,12,14,26,13,13,35,17,18,31,16,15,47,29,18
191,56,19,11,8,19,11,8,111,66,45,95,60,35,59,32,27
191,95,93,47,46,93,48,45,54,31,23,54,31,23,11,10,1
191,162,55,31,24,46,26,20,54,38,16,66,44,22,14,6,8
191,170,15,5,10,14,1,13,5,2,3,2,1,1,4,1,3
191,187,27,19,8,37,24,13,9,6,3,9,6,3,20,14,6
191,59,190,98,92,190,98,92,328,183,145,327,183,144,236,142,94
191,70,3,1,2,1,0,1,5,1,4,8,7,1,6,3,3
191,73,30,23,7,30,23,7,238,150,88,237,150,87,355,203,152
191,96,1,0,1,1,0,1,2,0,2,2,1,1,14,9,5
191,101,1575,741,834,2783,1410,1373,2525,1399,1126,1290,303,987,189,31,158
191,102,42,19,23,42,20,22,98,36,62,92,32,60,24,13,11
191,114,0,0,0,1,1,0,5,4,1,5,3,2,3,2,1
191,153,12,1,11,103,61,42,97,44,53,328,208,120,284,166,118
191,199,149,81,68,69,36,33,551,323,228,456,252,204,417,253,164
191,218,34050,16615,17435,35749,17277,18472,22509,11113,11396,35472,18103,17369,24031,10090,13941
191,52,0,0,0,0,0,0,101,47,54,101,47,54,1,0,1
191,83,1841,749,1092,1901,741,1160,782,344,438,782,345,437,301,226,75
191,104,415,131,284,414,131,283,2209,1019,1190,2209,1020,1189,115,57,58
191,127,8,4,4,14,8,6,13,5,8,82,42,40,41,25,16
191,163,2158,988,1170,2509,1172,1337,242,111,131,1645,774,871,949,215,734
191,182,36,10,26,51,23,28,58,34,24,3,2,1,4,2,2
191,188,4,1,3,6,2,4,11,3,8,11,10,1,6,1,5
191,193,174,102,72,569,309,260,397,204,193,557,326,231,392,202,190
191,12,198,104,94,197,103,94,228,76,152,227,76,151,404,184,220
191,19,4,2,2,23,10,13,111,64,47,60,43,17,85,16,69
191,74,78,9,69,77,8,69,1630,920,710,747,70,677,391,143,248
191,80,501,81,420,500,81,419,6348,3143,3205,6348,3144,3204,612,284,328
191,119,0,0,0,1,1,0,14,6,8,15,6,9,4,2,2
191,121,3,1,2,1,0,1,6,2,4,5,2,3,15,9,6
191,145,1849,797,1052,2136,919,1217,1710,820,890,647,296,351,560,255,305
191,200,577,403,174,594,417,177,592,167,425,816,55,761,1138,791,347
191,7,9,4,5,9,4,5,3,1,2,2,1,1,3,2,1
191,14,33,22,11,34,24,10,12,4,8,10,3,7,8,4,4
191,38,14,7,7,15,8,7,3,2,1,2,1,1,1,0,1
191,62,27,13,14,27,14,13,142,83,59,144,85,59,1,1,0
191,174,1,1,0,3,2,1,0,0,0,1,0,1,0,0,0
191,50,10,4,6,7,3,4,15,8,7,28,13,15,2,1,1
191,133,9,2,7,14,4,10,33,26,7,50,35,15,72,52,20
191,157,5,3,2,7,4,3,6,2,4,9,4,5,7,4,3
191,8,7,2,5,7,2,5,69,30,39,69,30,39,0,0,0
191,24,5,1,4,6,1,5,8,4,4,7,4,3,2,1,1
191,42,55,28,27,55,28,27,6101,3273,2828,6101,3273,2828,8011,1593,6418
191,46,1,1,0,1,0,1,2,1,1,5,4,1,4,3,1
191,63,5,3,2,5,4,1,9,7,2,24,17,7,38,27,11
191,160,10,7,3,13,8,5,15,9,6,8,5,3,8,5,3
191,225,5,1,4,4,1,3,2,0,2,6,2,4,2,1,1
191,22,29,20,9,28,20,8,84,48,36,84,48,36,4,3,1
191,37,6254,2962,3292,6966,3310,3656,1481,976,505,3789,2157,1632,4963,2449,2514
191,220,13441,6669,6772,15410,7702,7708,7427,3800,3627,8297,3374,4923,9625,4503,5122
191,11,2455,1000,1455,19501,9807,9694,33520,16980,16540,41770,21020,20750,27440,13618,13822
191,147,5471,2751,2720,14333,6963,7370,14496,7019,7477,8659,4158,4501,7882,3769,4113
191,68,0,0,0,0,0,0,0,0,0,23,14,9,2,1,1
191,28,0,0,0,0,0,0,0,0,0,1573,1121,452,321,229,92
192,67,176,118,58,175,118,57,131,111,20,130,110,20,25,22,3
192,69,148754,72015,76739,104107,47139,56968,20878,18917,1961,11494,47,11447,253181,127353,125828
192,109,48195,25252,22943,27160,13310,13850,18610,8535,10075,9328,6199,3129,39137,20136,19001
192,39,0,0,0,0,0,0,0,0,0,0,0,0,0,0,0
192,58,23897,13542,10355,18564,9897,8667,61187,30009,31178,53083,26020,27063,4277,150,4127
192,118,1748,907,841,1698,848,850,221,177,44,136,102,34,200,137,63
192,196,0,0,0,0,0,0,0,0,0,202948,104764,98184,67390,38663,28727
192,15,64,42,22,66,39,27,177,117,60,361,233,128,341,221,120
192,100,92,89,3,30,22,8,55,46,9,7,5,2,15,8,7
192,107,52,18,34,51,18,33,149,117,32,139,107,32,332,253,79
192,111,0,0,0,0,0,0,0,0,0,0,0,0,1726,960,766
192,115,23,5,18,23,6,17,33,19,14,33,18,15,28,21,7
192,165,52,49,3,45,24,21,540,365,175,1477,1213,264,599,436,163
192,217,1236,892,344,1536,1063,473,116,44,72,6617,4519,2098,3551,2395,1156
192,114,0,0,0,1,1,0,2,1,1,0,0,0,1,1,0
192,153,0,0,0,0,0,0,0,0,0,0,0,0,178,111,67
192,11,0,0,0,0,0,0,0,0,0,0,0,0,4220,2412,1808
193,131,8,5,3,4,3,1,10,7,3,11,6,5,3,3,0
193,183,3,2,1,4,2,2,6,1,5,6,1,5,3,3,0
193,215,2,2,0,5,0,5,1,0,1,0,0,0,1,0,1
193,66,105,60,45,105,60,45,245,149,96,244,149,95,256,158,98
193,64,87,52,35,59,38,21,58,40,18,29,9,20,73,8,65
193,118,382,211,171,366,193,173,102,78,24,56,37,19,82,48,34
193,139,231,141,90,137,50,87,69,16,53,331,160,171,1059,523,536
193,142,23,12,11,33,19,14,95,57,38,13,7,6,29,16,13
193,191,58,24,34,126,83,43,118,55,63,431,221,210,412,215,197
193,34,10,6,4,10,6,4,44,19,25,44,20,24,5,2,3
193,89,9,9,0,5,2,3,59,16,43,73,23,50,23,9,14
193,117,7,6,1,8,6,2,151,63,88,67,55,12,6,2,4
193,130,9,7,2,8,5,3,4,2,2,2,1,1,2,1,1
193,44,31,15,16,31,16,15,31,9,22,31,8,23,16,4,12
193,106,290,114,176,192,68,124,461,201,260,108,38,70,161,65,96
193,161,108,53,55,66,36,30,585,238,347,616,242,374,21,11,10
193,194,3,3,0,5,2,3,9,2,7,19,9,10,1,1,0
193,55,16,3,13,16,4,12,33,8,25,63,19,44,7,3,4
193,103,64,48,16,236,103,133,512,212,300,484,203,281,57,20,37
193,107,44,20,24,44,22,22,164,105,59,153,94,59,365,220,145
193,211,415,194,221,419,195,224,34,3,31,35,2,33,30,6,24
193,18,5,1,4,3,0,3,1,0,1,2,1,1,3,1,2
193,31,328,175,153,328,175,153,435,245,190,388,218,170,2779,1459,1320
193,56,21,13,8,21,14,7,222,153,69,197,142,55,377,274,103
193,95,383,194,189,382,193,189,193,106,87,193,106,87,478,282,196
193,162,229,134,95,195,114,81,1876,950,926,1971,989,982,180,64,116
193,169,52,40,12,44,29,15,3302,1638,1664,3124,1744,1380,16286,8369,7917
193,170,30,20,10,29,5,24,279,156,123,258,144,114,26,10,16
193,187,230,117,113,297,151,146,66,39,27,73,42,31,144,86,58
193,59,611,300,311,611,300,311,898,466,432,897,466,431,1351,664,687
193,73,77,49,28,76,49,27,536,323,213,536,324,212,1325,709,616
193,96,25,16,9,24,16,8,70,37,33,70,37,33,149,88,61
193,101,1266,596,670,2235,1132,1103,2314,739,1575,1604,165,1439,181,9,172
193,114,3,1,2,4,2,2,90,57,33,89,55,34,32,20,12
193,120,515,297,218,203,117,86,23,18,5,87,56,31,101,64,37
193,153,82,15,67,207,84,123,231,112,119,843,454,389,3461,1863,1598
193,199,746,429,317,343,189,154,527,234,293,1157,642,515,2946,1606,1340
193,218,7047,2691,4356,7802,2940,4862,11625,5948,5677,16861,8558,8303,10017,3798,6219
193,4,293,212,81,309,220,89,1609,952,657,2521,1326,1195,5483,2914,2569
193,52,31,9,22,28,8,20,64,31,33,64,32,32,1,0,1
193,82,157,24,133,158,25,133,155,44,111,154,43,111,130,64,66
193,83,826,418,408,797,425,372,122,67,55,122,68,54,56,41,15
193,104,3506,180,3326,3506,180,3326,6140,3082,3058,6139,3082,3057,803,399,404
193,127,3,1,2,21,9,12,21,9,12,85,44,41,35,21,14
193,163,1180,507,673,1677,732,945,1307,803,504,1215,236,979,1363,232,1131
193,182,103,58,45,45,24,21,2,2,0,3,2,1,4,2,2
193,188,150,49,101,151,47,104,389,142,247,74,43,31,363,144,219
193,12,291,156,135,291,156,135,336,119,217,335,119,216,598,283,315
193,19,3880,2934,946,5252,3550,1702,771,88,683,3470,1997,1473,15590,8321,7269
193,74,14022,2349,11673,14021,2349,11672,155724,68691,87033,24637,13936,10701,22992,9316,13676
193,80,10915,9782,1133,10914,9782,1132,13974,8862,5112,13974,8862,5112,3350,1550,1800
193,119,200,100,100,194,94,100,156,73,83,155,74,81,1,1,0
193,121,231,80,151,255,93,162,98,47,51,126,60,66,1384,694,690
193,145,275,153,122,584,145,439,689,110,579,1165,351,814,5190,2565,2625
193,200,7180,3438,3742,7007,3282,3725,6032,2381,3651,6938,776,6162,9371,6724,2647
193,7,3,2,1,2,1,1,1,0,1,0,0,0,1,1,0
193,14,8,7,1,9,8,1,27,23,4,26,22,4,9,7,2
193,25,15,7,8,16,8,8,3,2,1,34,17,17,2,2,0
193,38,10,4,6,11,4,7,1,0,1,1,0,1,1,0,1
193,53,2591,1472,1119,2591,1472,1119,40,9,31,475,193,282,502,226,276
193,62,814,455,359,814,455,359,1118,769,349,1173,802,371,371,225,146
193,92,229,153,76,229,154,75,315,210,105,314,209,105,300,199,101
193,164,374,175,199,362,169,193,525,251,274,937,457,480,528,252,276
193,50,437,240,197,258,134,124,569,327,242,1049,589,460,86,43,43
193,65,191,114,77,191,113,78,20,10,10,19,10,9,22,13,9
193,88,119,32,87,118,31,87,158,124,34,157,124,33,172,114,58
193,94,10,0,10,10,1,9,8,3,5,9,3,6,11,8,3
193,133,2129,1295,834,1157,710,447,1456,891,565,849,351,498,6182,3291,2891
193,148,115,67,48,27,16,11,15,10,5,27,17,10,33,20,13
193,157,74,54,20,80,36,44,254,154,100,386,251,135,550,339,211
193,8,49590,22129,27461,49589,22127,27462,22693,10515,12178,22694,10516,12178,13081,5563,7518
193,24,7,0,7,10,8,2,4418,2376,2042,4404,2368,2036,1718,912,806
193,28,7740,4307,3433,7740,4307,3433,6351,3294,3057,6888,3606,3282,6222,3408,2814
193,42,531,359,172,531,359,172,1636,414,1222,1636,413,1223,3458,1533,1925
193,46,69,40,29,70,41,29,180,96,84,760,448,312,441,270,171
193,63,543,265,278,543,266,277,559,323,236,1480,706,774,2335,1159,1176
193,159,57,28,29,59,33,26,48,28,20,45,26,19,22,13,9
193,160,463,264,199,534,289,245,629,342,287,364,204,160,380,212,168
193,222,5031,2853,2178,5144,2625,2519,4252,2344,1908,3998,2024,1974,2829,1271,1558
193,225,16620,9599,7021,14808,8471,6337,2197,598,1599,2274,690,1584,1403,297,1106
193,22,8,8,0,7,7,0,14,2,12,14,2,12,1,1,0
193,37,204,123,81,49,2,47,678,130,548,450,183,267,1151,601,550
193,220,1626,15,1611,4817,1128,3689,973,567,406,2913,456,2457,8532,2208,6324
193,11,72,67,5,865,674,191,230,40,190,600,160,440,3151,1566,1585
193,146,15,8,7,15,7,8,8,5,3,8,4,4,7,4,3
193,76,7,5,2,6,4,2,3,3,0,3,2,1,5,4,1
193,68,0,0,0,0,0,0,0,0,0,164,104,60,12,8,4
193,54,0,0,0,0,0,0,0,0,0,19,7,12,1,0,1
194,131,10,3,7,23,4,19,454,94,360,483,120,363,147,76,71
194,183,75,67,8,76,68,8,33,29,4,34,29,5,66,56,10
194,64,50,34,16,35,26,9,31,22,9,15,5,10,39,8,31
194,118,224,148,76,216,140,76,53,40,13,29,19,10,41,24,17
194,27,82,41,41,133,69,64,416,212,204,420,214,206,476,236,240
194,191,363,122,241,191,56,135,80,38,42,292,151,141,278,147,131
194,81,2,1,1,2,0,2,7,4,3,7,4,3,3,2,1
194,43,444,218,226,445,218,227,474,439,35,472,438,34,712,458,254
194,44,61,22,39,61,22,39,59,2,57,61,2,59,46,15,31
194,57,6,4,2,6,5,1,8,6,2,9,6,3,14,5,9
194,106,1626,745,881,2823,1254,1569,2925,1296,1629,517,183,334,143,30,113
194,166,1198,890,308,1600,1209,391,5397,5236,161,8220,8127,93,9452,8964,488
194,30,240,95,145,240,96,144,26,14,12,26,14,12,26,14,12
194,35,36,26,10,35,25,10,20,14,6,21,15,6,5,3,2
194,124,172,114,58,316,198,118,2076,1392,684,2597,1772,825,279,245,34
194,161,42,38,4,66,56,10,5,4,1,14,11,3,2,2,0
194,185,710,315,395,218,138,80,1990,829,1161,2372,991,1381,1508,648,860
194,203,2567,1277,1290,3878,1885,1993,1851,992,859,1249,603,646,1529,755,774
194,226,68,38,30,164,97,67,127,68,59,50,31,19,22,13,9
194,23,3,2,1,3,2,1,5,2,3,5,2,3,2,2,0
194,97,45935,23981,21954,45935,23981,21954,14439,7441,6998,14440,7442,6998,5776,2977,2799
194,125,1923,745,1178,1508,1147,361,791,255,536,1303,1072,231,1678,1572,106
194,144,88,34,54,31,10,21,11,6,5,41,3,38,5,3,2
194,155,476,245,231,156,89,67,185,98,87,279,136,143,85,60,25
194,15,1238,247,991,1150,211,939,1647,1071,576,2981,1759,1222,822,372,450
194,55,1017,122,895,1017,123,894,2082,338,1744,3966,805,3161,462,173,289
194,107,2042,624,1418,2043,680,1363,6731,3041,3690,6256,2542,3714,14959,5895,9064
194,111,15503,1511,13992,10651,3724,6927,1575,634,941,4775,3138,1637,11408,3232,8176
194,115,941,15,926,939,14,925,1916,211,1705,1915,210,1705,2856,1120,1736
194,154,595,356,239,3552,23,3529,1172,470,702,571,500,71,28035,16495,11540
194,165,101,101,0,53,3,50,11251,7242,4009,21172,15998,5174,21328,16305,5023
194,180,4987,3677,1310,5646,4064,1582,49697,38205,11492,77374,58727,18647,62451,33900,28551
194,211,3,1,2,15,12,3,1,1,0,30,18,12,15,9,6
194,217,11516,5336,6180,10288,5976,4312,3954,3413,541,51951,31807,20144,12643,6698,5945
194,31,2,1,1,1,1,0,2,1,1,2,1,1,2,1,1
194,56,4,3,1,3,2,1,43,30,13,39,29,10,33,33,0
194,95,5,3,2,6,4,2,8,5,3,8,5,3,10,8,2
194,162,5,3,2,4,3,1,30,12,18,33,13,20,3,0,3
194,170,127,24,103,122,5,117,120,98,22,133,107,26,12,5,7
194,59,1496,567,929,1495,567,928,104,38,66,103,38,65,198,101,97
194,73,73,49,24,72,48,24,210,120,90,209,120,89,435,204,231
194,96,10,4,6,9,4,5,32,14,18,31,13,18,4,3,1
194,101,81,46,35,151,90,61,12,6,6,45,34,11,5,2,3
194,114,10,1,9,9,1,8,14,8,6,14,8,6,7,5,2
194,153,1415,500,915,1173,193,980,940,319,621,516,306,210,524,224,300
194,199,859,358,501,396,152,244,374,148,226,494,250,244,393,205,188
194,218,13200,7881,5319,14069,8304,5765,25207,12373,12834,32609,16794,15815,15243,7296,7947
194,83,275,233,42,258,236,22,49,38,11,48,37,11,41,30,11
194,104,11002,4919,6083,11001,4919,6082,21551,13435,8116,21550,13434,8116,1309,647,662
194,127,2,1,1,2,2,0,4,1,3,1,0,1,4,3,1
194,163,4,3,1,5,2,3,7,5,2,4,2,2,3,1,2
194,193,24,14,10,769,454,315,435,258,177,162,117,45,63,38,25
194,12,70,43,27,69,42,27,80,37,43,80,37,43,142,80,62
194,19,0,0,0,4,2,2,135,78,57,368,235,133,745,439,306
194,74,1068,324,744,1068,324,744,1018,963,55,10090,5236,4854,3615,1804,1811
194,80,5944,403,5541,5944,403,5541,2311,2089,222,2311,2089,222,1556,807,749
194,145,2114,1130,984,2343,1249,1094,1093,268,825,262,130,132,474,160,314
194,200,1368,491,877,1443,559,884,6828,2896,3932,7382,1958,5424,6281,4544,1737
194,14,8,5,3,7,3,4,14,8,6,13,7,6,3,2,1
194,50,0,0,0,0,0,0,0,0,0,0,0,0,0,0,0
194,8,0,0,0,0,0,0,2,2,0,2,2,0,0,0,0
194,24,3,2,1,2,1,1,1,0,1,2,1,1,0,0,0
194,42,1,1,0,2,1,1,1,0,1,2,1,1,5,1,4
194,37,32516,15629,16887,33869,16288,17581,17128,9232,7896,23611,12565,11046,15464,7667,7797
194,220,5227,3020,2207,6014,3493,2521,7273,1838,5435,7672,3487,4185,7866,3791,4075
194,11,5864,2700,3164,5696,2934,2762,12400,6440,5960,25870,13810,12060,15630,7813,7817
194,147,1615,785,830,2088,927,1161,939,452,487,1576,757,819,1440,689,751
194,158,14,8,6,31,13,18,6,5,1,15,11,4,3,2,1
194,143,0,0,0,0,0,0,0,0,0,0,0,0,115,83,32
194,68,0,0,0,0,0,0,0,0,0,9,7,2,1,1,0
194,28,0,0,0,0,0,0,0,0,0,40,40,0,8,8,0
195,2,2168,759,1409,2169,760,1409,12949,7163,5786,12949,7163,5786,604,334,270
195,64,907,257,650,3810,2438,1372,60811,39165,21646,9315,3472,5843,23615,5034,18581
195,118,28692,28175,517,32716,31666,1050,35252,28351,6901,21796,16437,5359,32350,22165,10185
195,210,38,23,15,100,57,43,65,31,34,248,127,121,139,73,66
195,191,41,2,39,23,2,21,7,1,6,33,8,25,18,5,13
195,130,15,12,3,16,10,6,5,3,2,11,8,3,3,2,1
195,203,1,1,0,2,0,2,5,3,2,6,3,3,5,2,3
195,15,153,90,63,159,88,71,952,626,326,1569,1046,523,307,185,122
195,55,38,21,17,37,20,17,76,43,33,146,86,60,17,12,5
195,100,59500,33223,26277,23291,21784,1507,64617,44294,20323,16551,11103,5448,3847,2376,1471
195,107,288158,136843,151315,288213,136038,152175,183552,98486,85066,148593,62368,86225,382359,237756,144603
195,111,1887,901,986,1071,1014,57,695,321,374,3034,1903,1131,1843,518,1325
195,115,38917,18426,20491,38917,18426,20491,31773,19201,12572,31772,19200,12572,15000,11778,3222
195,165,819,811,8,432,22,410,2553,1900,653,2247,2041,206,1648,1247,401
195,201,44757,20617,24140,4741,1506,3235,101452,49546,51906,61603,32354,29249,15547,5950,9597
195,211,336,119,217,316,245,71,27,11,16,72,45,27,53,31,22
195,217,3266,2390,876,4122,2953,1169,3840,2185,1655,26116,18489,7627,5060,3365,1695
195,229,791,458,333,559,377,182,598,332,266,400,155,245,93,64,29
195,31,1,1,0,1,1,0,0,0,0,1,1,0,6,6,0
195,56,9,8,1,9,8,1,38,33,5,31,28,3,27,21,6
195,95,10,9,1,11,9,2,17,14,3,16,13,3,38,37,1
195,169,5,4,1,6,4,2,4,3,1,3,2,1,27,21,6
195,170,336,42,294,324,8,316,337,201,136,355,217,138,10,9,1
195,187,7,7,0,11,9,2,3,2,1,3,3,0,8,6,2
195,216,60,52,8,37,32,5,150,140,10,73,68,5,5,5,0
195,59,27,22,5,27,22,5,0,0,0,0,0,0,0,0,0
195,73,0,0,0,0,0,0,15,11,4,15,12,3,27,17,10
195,101,23,16,7,43,30,13,2,1,1,13,11,2,1,0,1
195,114,0,0,0,0,0,0,0,0,0,1,1,0,1,1,0
195,153,0,0,0,49,32,17,636,430,206,1983,1285,698,674,260,414
195,199,150,90,60,69,40,29,1127,724,403,1299,733,566,1825,1016,809
195,52,0,0,0,0,0,0,22,20,2,21,20,1,0,0,0
195,83,74,36,38,73,39,34,332,324,8,333,324,9,26,24,2
195,104,159,110,49,159,110,49,37,23,14,39,24,15,4,2,2
195,127,3,2,1,4,4,0,4,2,2,27,24,3,12,11,1
195,182,49,46,3,22,20,2,1,1,0,1,1,0,2,1,1
195,12,20,15,5,19,14,5,23,15,8,23,15,8,40,29,11
195,19,0,0,0,1,1,0,123,80,43,201,120,81,249,138,111
195,74,27,10,17,27,10,17,63,12,51,77,12,65,75,42,33
195,200,79,57,22,77,57,20,17,10,7,21,8,13,27,22,5
195,62,21,8,13,21,8,13,106,49,57,106,49,57,1,1,0
195,65,17,6,11,17,6,11,2,1,1,1,0,1,2,1,1
195,88,0,0,0,1,1,0,6,1,5,5,0,5,6,2,4
195,94,3,2,1,3,2,1,2,1,1,2,0,2,3,2,1
195,133,4,3,1,5,2,3,7,4,3,10,4,6,10,7,3
195,157,24,18,6,31,23,8,13,7,6,19,10,9,24,16,8
195,24,0,0,0,0,0,0,6,4,2,5,4,1,2,2,0
195,42,150,78,72,149,78,71,130,37,93,130,37,93,274,126,148
195,63,4,2,2,4,2,2,7,4,3,19,9,10,30,15,15
195,225,6,4,2,9,6,3,21,14,7,23,15,8,27,16,11
195,37,25,1,24,152,63,89,790,664,126,1172,874,298,886,495,391
195,220,1537,834,703,2463,1326,1137,2137,1129,1008,2472,980,1492,6542,3159,3383
195,11,252,114,138,75,18,57,180,100,80,190,120,70,84,60,24
195,68,0,0,0,0,0,0,0,0,0,1,1,0,0,0,0
196,67,24,16,8,25,17,8,18,15,3,19,16,3,3,3,0
196,69,20849,10094,10755,14591,6606,7985,2926,2651,275,1611,6,1605,7437,3549,3888
196,109,6754,3539,3215,3806,1865,1941,2608,1195,1413,1307,868,439,155,92,63
196,192,0,0,0,0,0,0,0,0,0,0,0,0,552391,272127,280264
196,215,146758,72943,73815,87598,45424,42174,975,579,396,194353,97503,96850,1988,1162,826
196,39,4921,2852,2069,2572,1599,973,6964,3737,3227,235,119,116,2842,1595,1247
196,40,9542,5134,4408,9542,5134,4408,218912,96881,122031,45602,19023,26579,70338,36114,34224
196,58,624,98,526,1372,610,762,0,0,0,16017,7854,8163,4995,382,4613
196,2,3765,2134,1631,3765,2134,1631,653,358,295,653,358,295,30,16,14
196,64,3367,1842,1525,2429,1330,1099,15289,9794,5495,1955,779,1176,4957,1217,3740
196,118,14192,7362,6830,13791,6885,6906,1783,1432,351,1100,826,274,1631,1112,519
196,142,13,4,9,19,9,10,55,25,30,8,3,5,17,7,10
196,191,986,391,595,445,140,305,315,129,186,845,467,378,761,420,341
196,81,2,1,1,2,1,1,8,7,1,7,7,0,4,3,1
196,149,81,28,53,86,31,55,9,4,5,9,4,5,7,2,5
196,161,0,0,0,6,5,1,18,16,2,20,17,3,1,1,0
196,203,0,0,0,1,0,1,1,0,1,1,1,0,0,0,0
196,15,525,338,187,539,324,215,1570,1029,541,3086,1992,1094,2433,1588,845
196,55,54,24,30,53,24,29,110,52,58,208,104,104,25,15,10
196,100,523,334,189,394,287,107,724,601,123,95,66,29,176,93,83
196,107,418,144,274,418,149,269,1212,952,260,1127,866,261,2694,2056,638
196,111,5414,1183,4231,4032,3987,45,2720,1657,1063,10389,6453,3936,4385,228,4157
196,115,187,42,145,187,42,145,269,149,120,269,148,121,239,175,64
196,154,3715,2277,1438,1292,1218,74,2101,1486,615,838,568,270,8797,5515,3282
196,165,274,255,19,239,123,116,5852,4099,1753,13207,10770,2437,3689,2596,1093
196,180,4445,3277,1168,5032,3623,1409,44293,34050,10243,68961,52342,16619,62804,35956,26848
196,201,48,24,24,43,22,21,130,67,63,318,162,156,23,12,11
196,211,69,50,19,80,60,20,12,7,5,129,76,53,47,24,23
196,217,10042,7242,2800,12467,8626,3841,1334,362,972,55904,38155,17749,24854,16835,8019
196,229,1335,1232,103,1881,778,1103,1392,552,840,1676,679,997,3912,1786,2126
196,31,5,4,1,4,3,1,8,6,2,6,5,1,3,3,0
196,56,9,7,2,8,6,2,16,15,1,12,12,0,3,3,0
196,95,23,14,9,22,13,9,28,22,6,28,23,5,10,7,3
196,162,13,10,3,11,10,1,25,20,5,28,21,7,4,2,2
196,170,133,14,119,126,2,124,51,35,16,56,41,15,4,4,0
196,59,66,44,22,66,44,22,234,130,104,233,129,104,40,17,23
196,73,0,0,0,0,0,0,0,0,0,0,0,0,1097,563,534
196,101,201,125,76,373,242,131,31,16,15,112,89,23,12,5,7
196,114,0,0,0,1,1,0,1,1,0,0,0,0,1,1,0
196,153,70,51,19,203,126,77,324,169,155,404,225,179,2056,1262,794
196,199,105,58,47,48,24,24,331,206,125,725,378,347,1613,868,745
196,218,4365,2339,2026,4465,2388,2077,3088,1902,1186,4181,2578,1603,2170,1146,1024
196,52,0,0,0,0,0,0,33,24,9,33,25,8,0,0,0
196,83,361,120,241,368,113,255,246,207,39,246,208,38,69,55,14
196,104,383,264,119,383,264,119,1051,862,189,1050,861,189,24,12,12
196,127,2,1,1,2,2,0,4,2,2,202,187,15,55,52,3
196,188,4,2,2,6,3,3,3,1,2,5,3,2,8,5,3
196,193,19,13,6,610,446,164,345,253,92,76,53,23,21,14,7
196,12,45,35,10,45,35,10,52,35,17,51,35,16,92,68,24
196,19,0,0,0,4,3,1,109,72,37,190,128,62,290,173,117
196,74,37,16,21,36,15,21,870,614,256,891,449,442,242,143,99
196,145,815,604,211,901,666,235,2370,1492,878,1363,1113,250,176,101,75
196,200,128,74,54,132,76,56,126,58,68,142,36,106,167,126,41
196,50,0,0,0,0,0,0,0,0,0,0,0,0,0,0,0
196,8,0,0,0,0,0,0,5,5,0,5,5,0,0,0,0
196,24,0,0,0,0,0,0,1,1,0,1,1,0,0,0,0
196,42,2,1,1,3,2,1,1,0,1,3,1,2,3,2,1
196,37,2988,1438,1550,3091,1489,1602,2802,1691,1111,3415,2020,1395,1601,851,750
196,220,7441,4440,3001,7926,4743,3183,9856,3024,6832,10221,2734,7487,2439,1005,1434
196,11,1516,800,716,1356,722,634,14510,8200,6310,6860,3210,3650,1471,1287,184
196,68,0,0,0,0,0,0,0,0,0,4,3,1,0,0,0
196,28,0,0,0,0,0,0,0,0,0,37,37,0,8,8,0
197,161,41,20,21,62,31,31,7,4,3,3,2,1,2,2,0
197,55,1,0,1,0,0,0,1,0,1,2,0,2,0,0,0
197,31,0,0,0,0,0,0,1,1,0,0,0,0,1,1,0
197,56,1,1,0,0,0,0,3,2,1,3,2,1,5,2,3
197,59,3,1,2,3,2,1,2,0,2,1,0,1,1,0,1
197,73,2,1,1,1,1,0,0,0,0,2,1,1,2,2,0
197,96,0,0,0,0,0,0,0,0,0,0,0,0,0,0,0
197,101,4,1,3,8,3,5,0,0,0,2,1,1,0,0,0
197,153,3,2,1,8,3,5,4,2,2,18,7,11,0,0,0
197,199,3,1,2,2,1,1,6,2,4,5,0,5,6,4,2
197,218,108,43,65,111,44,67,71,21,50,99,33,66,51,15,36
197,83,0,0,0,2,1,1,4,1,3,3,0,3,0,0,0
197,104,5,1,4,4,1,3,15,6,9,14,6,8,2,1,1
197,193,7,3,4,204,83,121,115,47,68,89,33,56,13,9,4
197,12,2,1,1,1,1,0,2,1,1,1,0,1,3,2,1
197,19,0,0,0,2,0,2,42,20,22,146,76,70,622,361,261
197,74,9,1,8,8,1,7,21990,10666,11324,3467,1600,1867,1842,704,1138
197,145,10872,3625,7247,16530,6166,10364,6332,1566,4766,2633,2477,156,615,572,43
197,200,10,7,3,9,7,2,7,0,7,17,4,13,16,11,5
197,7,14,6,8,14,7,7,3,1,2,2,1,1,3,2,1
197,10,276,119,157,276,120,156,20,4,16,20,17,3,66,31,35
197,17,0,0,0,0,0,0,33,8,25,12,3,9,2,1,1
197,25,162,40,122,138,36,102,151,67,84,2090,944,1146,50,19,31
197,61,2,1,1,2,1,1,2,2,0,3,2,1,3,2,1
197,62,12,3,9,11,2,9,50,13,37,50,13,37,1,0,1
197,86,11,3,8,10,3,7,6,4,2,6,5,1,1,0,1
197,174,6,3,3,9,4,5,5,3,2,2,0,2,2,1,1
197,186,0,0,0,0,0,0,250,115,135,250,114,136,21,9,12
197,50,2,1,1,4,2,2,5,3,2,10,6,4,1,1,0
197,8,0,0,0,0,0,0,3,1,2,3,0,3,0,0,0
197,24,0,0,0,0,0,0,0,0,0,1,1,0,0,0,0
197,28,57,53,4,56,52,4,20,1,19,17,0,17,55,32,23
197,42,3,1,2,3,0,3,0,0,0,0,0,0,3,2,1
197,75,602,255,347,601,255,346,5015,2143,2872,5014,2142,2872,5284,2276,3008
197,91,634,307,327,633,306,327,803,411,392,803,411,392,675,337,338
197,225,26,11,15,19,9,10,7,3,4,6,3,3,2,0,2
197,37,151,72,79,167,80,87,6,5,1,54,31,23,105,52,53
197,220,1274,644,630,1445,735,710,4077,2057,2020,4197,1281,2916,515,249,266
197,11,8,1,7,8,2,6,60,40,20,60,30,30,58,33,25
197,68,0,0,0,0,0,0,0,0,0,1,1,0,0,0,0
197,54,0,0,0,0,0,0,0,0,0,1722,746,976,149,67,82
198,219,18,13,5,5,3,2,9,7,2,3,2,1,64,31,33
198,27,66,46,20,85,59,26,132,84,48,133,84,49,172,107,65
198,116,7,3,4,8,4,4,0,0,0,0,0,0,0,0,0
198,142,13,5,8,18,7,11,55,26,29,8,3,5,17,7,10
198,191,6639,6059,580,5137,1248,3889,6163,3337,2826,22313,12368,9945,31480,17679,13801
198,211,26,9,17,27,9,18,2,0,2,2,0,2,1,0,1
198,31,1,0,1,0,0,0,1,0,1,0,0,0,0,0,0
198,56,1,0,1,0,0,0,0,0,0,1,0,1,0,0,0
198,59,2,0,2,1,0,1,4,3,1,3,2,1,6,4,2
198,73,2,1,1,1,1,0,2,1,1,2,1,1,7,4,3
198,101,7,2,5,14,6,8,2,1,1,4,2,2,0,0,0
198,199,2,0,2,2,1,1,2,1,1,7,7,0,4,0,4
198,218,351,161,190,359,164,195,252,92,160,341,137,204,175,66,109
198,83,3,0,3,4,0,4,9,7,2,8,6,2,0,0,0
198,104,4,1,3,3,0,3,14,6,8,14,7,7,0,0,0
198,163,55,25,30,61,28,33,204,132,72,143,97,46,49,20,29
198,12,2,1,1,2,1,1,2,0,2,1,0,1,3,1,2
198,74,1,0,1,0,0,0,17,7,10,7,5,2,2,1,1
198,145,16,7,9,20,8,12,16,4,12,12,6,6,7,2,5
198,200,14,7,7,16,7,9,7,1,6,15,3,12,15,10,5
198,14,0,0,0,0,0,0,6,3,3,5,2,3,1,0,1
198,50,2,1,1,0,0,0,0,0,0,0,0,0,0,0,0
198,42,0,0,0,0,0,0,0,0,0,0,0,0,3,2,1
198,37,30,14,16,33,16,17,71,10,61,86,17,69,38,13,25
198,11,61,38,23,52,34,18,30,0,30,90,50,40,72,30,42
199,39,5,3,2,3,1,2,4,2,2,0,0,0,2,1,1
199,64,61,38,23,38,26,12,49,35,14,24,8,16,62,11,51
199,118,242,133,109,228,118,110,98,77,21,57,41,16,84,54,30
199,27,5,4,1,9,6,3,121,73,48,122,74,48,124,74,50
199,142,7,2,5,9,5,4,28,13,15,4,1,3,9,4,5
199,191,21,11,10,6,3,3,19,10,9,72,40,32,55,32,23
199,117,26,25,1,29,24,5,587,224,363,263,214,49,167,73,94
199,106,274,114,160,298,122,176,307,132,175,88,31,57,183,76,107
199,161,5,4,1,25,15,10,229,156,73,246,164,82,9,7,2
199,203,167,116,51,254,174,80,54,45,9,29,9,20,31,18,13
199,23,2,2,0,1,0,1,4,2,2,4,2,2,1,1,0
199,125,13,6,7,12,7,5,10,4,6,4,1,3,5,4,1
199,194,10,8,2,12,8,4,25,12,13,51,32,19,1,1,0
199,55,94,26,68,94,27,67,192,60,132,366,128,238,43,21,22
199,103,29,22,7,93,40,53,200,81,119,189,78,111,21,6,15
199,107,14,4,10,13,3,10,49,33,16,45,28,17,108,67,41
199,211,1833,838,995,1845,841,1004,151,9,142,156,6,150,145,33,112
199,18,81,30,51,81,31,50,14,7,7,14,7,7,16,8,8
199,31,22,13,9,21,12,9,31,19,12,28,18,10,113,50,63
199,56,26,18,8,26,18,8,132,103,29,112,91,21,111,61,50
199,95,391,193,198,390,193,197,246,131,115,245,130,115,85,74,11
199,162,145,82,63,124,70,54,296,200,96,330,216,114,48,21,27
199,169,43,7,36,49,15,34,33,13,20,28,16,12,65,36,29
199,170,20,9,11,16,1,15,75,36,39,68,32,36,8,2,6
199,187,68,38,30,91,51,40,21,13,8,23,14,9,45,28,17
199,59,2066,1041,1025,2065,1040,1025,921,405,516,920,405,515,996,575,421
199,68,49,28,21,49,29,20,133,100,33,130,97,33,32,22,10
199,70,17,10,7,20,10,10,1,0,1,10,8,2,8,4,4
199,73,1229,130,1099,1230,130,1100,4515,2155,2360,4515,2155,2360,8651,3300,5351
199,96,268,137,131,267,136,131,169,85,84,169,85,84,54,39,15
199,101,370,174,196,653,330,323,465,109,356,444,124,320,47,4,43
199,114,39,24,15,39,24,15,125,86,39,118,79,39,73,50,23
199,120,170,112,58,67,44,23,52,20,32,34,10,24,47,29,18
199,153,2790,1233,1557,10182,5242,4940,719,233,486,8633,4976,3657,7435,4085,3350
199,218,5341,1891,3450,5614,1958,3656,3679,1773,1906,5752,2684,3068,3851,1185,2666
199,4,2,1,1,3,2,1,6,3,3,2,1,1,43,18,25
199,52,5,1,4,32,7,25,190,100,90,190,100,90,4,1,3
199,83,972,544,428,1044,526,518,87,4,83,87,4,83,243,181,62
199,104,965,95,870,965,95,870,1186,539,647,1186,539,647,155,77,78
199,127,5,2,3,50,27,23,48,24,24,302,179,123,110,74,36
199,163,250,113,137,270,122,148,51,25,26,78,33,45,69,13,56
199,182,783,404,379,335,161,174,17,16,1,28,15,13,28,15,13
199,188,23,19,4,22,20,2,159,84,75,59,27,32,68,18,50
199,193,1452,713,739,4554,2157,2397,3007,1384,1623,3365,1465,1900,923,792,131
199,12,251,126,125,250,125,125,290,89,201,289,88,201,515,223,292
199,19,1272,560,712,1183,522,661,75,74,1,210,57,153,342,161,181
199,74,363,10,353,363,10,353,2167,344,1823,970,397,573,760,200,560
199,80,2526,1142,1384,2525,1141,1384,539,216,323,539,216,323,666,281,385
199,119,1,0,1,1,0,1,1,1,0,3,1,2,2,0,2
199,121,251,105,146,260,110,150,185,84,101,198,89,109,714,340,374
199,145,626,240,386,722,274,448,191,39,152,405,203,202,359,134,225
199,200,416,415,1,438,436,2,788,185,603,1192,126,1066,1520,1039,481
199,14,10,4,6,11,6,5,2,0,2,3,1,2,2,1,1
199,62,41,2,39,41,2,39,190,24,166,191,24,167,4,2,2
199,50,17,12,5,24,11,13,36,21,15,67,38,29,5,2,3
199,65,4,1,3,4,1,3,5,4,1,4,3,1,1,1,0
199,88,8,5,3,7,4,3,6,6,0,7,6,1,6,4,2
199,94,0,0,0,0,0,0,0,0,0,1,0,1,1,1,0
199,133,142,59,83,163,69,94,136,47,89,78,19,59,3,2,1
199,148,11,5,6,8,0,8,7,1,6,2,2,0,2,2,0
199,157,10,7,3,14,9,5,62,48,14,68,51,17,31,22,9
199,8,69,55,14,69,55,14,112,53,59,113,53,60,1,1,0
199,24,23,7,16,25,8,17,50,26,24,50,27,23,41,21,20
199,28,130,59,71,129,59,70,39,9,30,48,15,33,128,86,42
199,42,249,120,129,249,121,128,232,50,182,233,51,182,493,205,288
199,46,7,1,6,7,0,7,9,3,6,18,13,5,12,7,5
199,63,14,7,7,14,8,6,26,16,10,69,34,35,109,57,52
199,160,25,14,11,30,16,14,35,18,17,20,11,9,21,12,9
199,225,51,22,29,40,19,21,13,9,4,11,9,2,2,1,1
199,37,98,64,34,77,22,55,318,277,41,244,66,178,854,381,473
199,84,84,81,3,44,27,17,26,13,13,9,8,1,6,5,1
199,220,3012,1037,1975,940,95,845,2188,774,1414,1605,1131,474,988,321,667
199,11,918,394,524,528,207,321,1440,480,960,1480,390,1090,2525,1042,1483
199,147,122,54,68,289,115,174,191,92,99,149,71,78,129,61,68
199,137,0,0,0,0,0,0,0,0,0,144,55,89,7,3,4
200,131,36,23,13,17,12,5,38,28,10,41,29,12,13,11,2
200,39,43,22,21,27,14,13,52,25,27,2,1,1,21,10,11
200,64,441,242,199,336,187,149,190,133,57,94,28,66,239,29,210
200,118,2215,1203,1012,2168,1148,1020,137,103,34,72,46,26,105,56,49
200,142,28,9,19,42,17,25,119,52,67,17,7,10,36,14,22
200,191,2043,884,1159,1411,638,773,160,65,95,581,265,316,556,260,296
200,34,6,4,2,5,3,2,8,5,3,8,5,3,0,0,0
200,81,8,4,4,12,3,9,47,31,16,42,28,14,22,13,9
200,117,4,4,0,4,3,1,78,33,45,34,28,6,5,0,5
200,202,15,2,13,11,1,10,9,6,3,8,3,5,2,2,0
200,44,57,40,17,56,39,17,55,29,26,56,30,26,15,1,14
200,106,57,41,16,48,39,9,120,49,71,62,22,40,118,57,61
200,136,2,1,1,1,0,1,5,2,3,7,2,5,2,0,2
200,161,21,10,11,98,59,39,308,198,110,340,213,127,16,11,5
200,203,249,203,46,378,305,73,96,94,2,49,40,9,55,52,3
200,23,2,1,1,2,2,0,4,3,1,4,3,1,1,1,0
200,125,10,6,4,8,0,8,8,1,7,17,15,2,20,20,0
200,194,33,27,6,34,20,14,69,24,45,142,76,66,4,3,1
200,55,39,11,28,39,12,27,79,25,54,152,55,97,18,10,8
200,103,368,131,237,198,78,120,233,94,139,275,108,167,117,37,80
200,107,95,49,46,95,50,45,107,75,32,99,66,33,239,159,80
200,211,758,294,464,792,303,489,294,23,271,303,18,285,271,58,213
200,18,4,0,4,3,0,3,1,1,0,1,1,0,2,2,0
200,31,31,18,13,30,18,12,43,27,16,37,23,14,135,76,59
200,56,47,29,18,47,29,18,143,110,33,116,97,19,64,46,18
200,95,684,367,317,683,366,317,356,204,152,356,204,152,296,167,129
200,162,105,55,50,88,45,43,251,154,97,277,164,113,38,14,24
200,169,21,9,12,25,15,10,13,4,9,10,7,3,34,10,24
200,170,11,9,2,7,2,5,82,41,41,72,35,37,11,4,7
200,187,168,91,77,221,120,101,50,31,19,55,34,21,109,68,41
200,59,267,157,110,267,158,109,296,157,139,295,157,138,176,99,77
200,73,42,35,7,41,35,6,219,131,88,219,132,87,354,177,177
200,96,10,5,5,10,6,4,38,16,22,37,15,22,6,4,2
200,101,188,69,119,350,146,204,46,24,22,105,70,35,12,1,11
200,114,6,4,2,7,4,3,34,21,13,33,20,13,15,9,6
200,120,3,1,2,6,3,3,17,15,2,13,10,3,7,6,1
200,153,86,40,46,264,141,123,54,28,26,324,177,147,319,145,174
200,199,350,183,167,162,81,81,231,114,117,441,245,196,431,228,203
200,218,1459,830,629,1691,892,799,1130,688,442,2483,1323,1160,2357,813,1544
200,4,5,2,3,5,3,2,12,6,6,1,1,0,70,29,41
200,52,157,60,97,90,35,55,1139,603,536,1139,603,536,19,5,14
200,83,368,13,355,420,8,412,122,52,70,122,53,69,165,123,42
200,104,10707,3048,7659,10707,3047,7660,88003,42624,45379,88003,42625,45378,3772,1869,1903
200,127,3,1,2,30,18,12,30,16,14,17,4,13,24,15,9
200,163,4362,2195,2167,4693,2376,2317,1954,1015,939,499,212,287,1392,383,1009
200,182,1878,993,885,802,396,406,41,38,3,67,36,31,66,37,29
200,188,54,24,30,52,27,25,624,321,303,187,78,109,449,187,262
200,193,5559,2895,2664,20395,10701,9694,2156,1734,422,7011,3585,3426,2292,1575,717
200,12,1116,600,516,1115,600,515,1288,460,828,1288,461,827,2291,1087,1204
200,19,142,114,28,206,144,62,51,45,6,136,73,63,242,113,129
200,74,1968,262,1706,1968,263,1705,19431,10936,8495,8293,2235,6058,7195,2739,4456
200,80,1728,156,1572,1728,157,1571,22389,10576,11813,22388,10575,11813,2808,1258,1550
200,119,403,137,266,292,59,233,3709,1937,1772,3683,1908,1775,647,352,295
200,121,92,50,42,86,47,39,62,12,50,57,11,46,184,96,88
200,145,584,201,383,755,265,490,337,169,168,418,217,201,516,301,215
200,14,35,17,18,36,18,18,64,0,64,63,0,63,24,6,18
200,38,29,22,7,29,22,7,4,3,1,4,3,1,1,0,1
200,62,237,132,105,237,133,104,806,493,313,818,500,318,55,36,19
200,86,30,13,17,29,13,16,34,15,19,33,14,19,8,2,6
200,92,67,45,22,67,45,22,92,61,31,91,61,30,87,58,29
200,50,28,17,11,152,81,71,176,101,75,326,183,143,27,14,13
200,65,18,14,4,18,14,4,5,1,4,5,1,4,2,1,1
200,88,27,4,23,28,5,23,19,16,3,19,17,2,20,14,6
200,94,2,1,1,1,1,0,1,1,0,1,0,1,1,1,0
200,133,462,223,239,535,267,268,467,253,214,265,140,125,10,6,4
200,148,19,13,6,3,0,3,2,1,1,5,4,1,6,5,1
200,157,37,25,12,45,29,16,67,48,19,80,57,23,54,36,18
200,8,256,171,85,256,171,85,436,210,226,436,209,227,3,2,1
200,24,117,51,66,113,49,64,6,6,0,7,6,1,93,49,44
200,28,297,165,132,296,164,132,75,50,25,59,21,38,604,407,197
200,42,158,81,77,158,81,77,191,52,139,191,51,140,405,186,219
200,46,29,17,12,29,17,12,35,20,15,64,46,18,45,31,14
200,63,80,53,27,80,53,27,147,104,43,388,248,140,613,400,213
200,160,71,41,30,83,46,37,97,53,44,56,32,24,58,33,25
200,225,105,57,48,97,54,43,11,8,3,13,9,4,19,9,10
200,22,11,5,6,9,4,5,3,0,3,2,0,2,1,0,1
200,37,2260,1053,1207,2687,1263,1424,908,49,859,973,677,296,2374,1248,1126
200,220,1164,643,521,2812,1409,1403,1802,652,1150,1295,949,346,1209,435,774
200,11,853,428,425,1312,567,745,1030,470,560,980,370,610,1670,912,758
200,147,349,153,196,834,334,500,192,90,102,177,84,93,128,59,69
200,76,10,9,1,9,7,2,5,5,0,4,3,1,7,6,1
200,68,0,0,0,0,0,0,0,0,0,42,33,9,3,2,1
200,137,0,0,0,0,0,0,0,0,0,202,30,172,10,3,7
201,77,2,1,1,3,1,2,1,1,0,2,1,1,2,1,1
201,2,238,144,94,239,145,94,1256,685,571,1256,686,570,59,32,27
201,64,61,35,26,351,185,166,1057,755,302,523,176,347,139708,87405,52303
201,118,2562,2417,145,2852,2757,95,3443,2762,681,2115,1587,528,3138,2135,1003
201,139,115,70,45,69,25,44,35,9,26,165,79,86,529,262,267
201,210,4,3,1,57,31,26,16,6,10,411,212,199,403,221,182
201,191,43,12,31,21,4,17,9,4,5,35,17,18,36,18,18
201,81,4,2,2,4,0,4,17,11,6,15,10,5,8,5,3
201,89,4,4,0,2,2,0,29,21,8,35,26,9,11,9,2
201,130,14,11,3,16,10,6,7,4,3,3,2,1,41,26,15
201,98,1173,532,641,1172,532,640,413,301,112,512,291,221,156,101,55
201,161,0,0,0,7,6,1,16,16,0,19,17,2,1,1,0
201,194,8,7,1,9,5,4,18,5,13,38,19,19,1,1,0
201,9,197,158,39,321,187,134,1267,511,756,414,152,262,766,354,412
201,15,178,105,73,184,102,82,604,387,217,1211,802,409,910,628,282
201,55,336,247,89,335,247,88,687,514,173,1308,995,313,152,124,28
201,100,877,11,866,1269,782,487,1897,1339,558,325,193,132,240376,134381,105995
201,103,314,45,269,317,184,133,943,475,468,822,430,392,288,105,183
201,107,3028,1703,1325,3039,1815,1224,47167,32599,14568,44894,30271,14623,550581,229918,320663
201,111,2190,1046,1144,1242,1176,66,807,373,434,3521,2207,1314,6939,3497,3442
201,115,1303,184,1119,1303,185,1118,2740,850,1890,2740,850,1890,1234815,591484,643331
201,165,45,42,3,40,21,19,2748,2060,688,5409,4498,911,1540,1140,400
201,180,7603,5006,2597,8609,5475,3134,75776,52995,22781,117977,81017,36960,107444,45746,61698
201,195,119,68,51,119,69,50,134,40,94,133,40,93,47,27,20
201,211,229,185,44,227,169,58,163,18,145,153,8,145,1563183,888044,675139
201,217,3790,2773,1017,4784,3427,1357,938,321,617,22086,15643,6443,9222,6574,2648
201,229,80,45,35,93,8,85,167,67,100,244,105,139,121,36,85
201,18,23,23,0,23,23,0,3,3,0,4,4,0,4,4,0
201,31,133,108,25,132,108,24,251,210,41,209,176,33,167,104,63
201,56,54,48,6,53,47,6,181,121,60,149,101,48,311,193,118
201,95,238,210,28,238,210,28,199,154,45,199,154,45,189,117,72
201,162,114,100,14,97,85,12,8,1,7,28,17,11,22,17,5
201,169,2492,1545,947,2246,1267,979,429,127,302,490,254,236,4773,2437,2336
201,170,1235,125,1110,1195,24,1171,37,34,3,98,92,6,62,50,12
201,187,44,34,10,67,51,16,19,15,4,20,17,3,41,33,8
201,216,147,135,12,92,84,8,368,353,15,179,171,8,12,12,0
201,59,383,141,242,383,142,241,410,229,181,410,229,181,2198,1399,799
201,73,56,32,24,56,33,23,137,86,51,136,85,51,605,370,235
201,96,3,2,1,3,3,0,3,1,2,2,1,1,16,14,2
201,101,39,26,13,72,50,22,6,3,3,21,17,4,2,1,1
201,114,2,2,0,3,3,0,7,6,1,5,5,0,4,4,0
201,153,226,121,105,162,80,82,396,210,186,450,235,215,4045,2697,1348
201,199,2077,990,1087,957,429,528,2610,1334,1276,3986,2219,1767,48441,29309,19132
201,218,605,362,243,662,391,271,2163,1365,798,2667,1693,974,1092,622,470
201,52,0,0,0,0,0,0,90,78,12,89,78,11,1,1,0
201,83,327,173,154,224,116,108,601,286,315,601,286,315,224,189,35
201,104,1436,916,520,1436,917,519,1329,962,367,1329,962,367,75,37,38
201,127,18,14,4,32,27,5,28,22,6,66,62,4,62,55,7
201,163,11,6,5,13,7,6,3,1,2,8,4,4,3,1,2
201,182,80,64,16,35,28,7,1,1,0,2,2,0,3,2,1
201,188,0,0,0,1,0,1,25,4,21,36,23,13,15,13,2
201,193,318,225,93,1286,968,318,902,502,400,447,325,122,1030,421,609
201,12,235,160,75,234,159,75,271,151,120,270,150,120,482,308,174
201,19,4,3,1,24,14,10,499,298,201,630,375,255,2606,1818,788
201,74,441,168,273,441,169,272,888,516,372,234,78,156,1266,707,559
201,80,4893,1892,3001,4893,1893,3000,13107,7805,5302,13107,7805,5302,1769,1033,736
201,145,961,522,439,1064,577,487,2624,1481,1143,280,70,210,2750,1664,1086
201,200,409,278,131,416,284,132,479,256,223,531,193,338,550,425,125
201,7,29,14,15,29,15,14,15,7,8,14,7,7,15,7,8
201,61,2,1,1,2,1,1,2,2,0,2,2,0,2,1,1
201,62,9,4,5,8,4,4,34,18,16,35,19,16,1,0,1
201,86,40,18,22,39,17,22,45,20,25,44,19,25,11,4,7
201,129,34,14,20,35,15,20,6,1,5,7,2,5,5,2,3
201,174,4,4,0,6,4,2,3,3,0,2,2,0,1,1,0
201,50,2,2,0,1,1,0,3,3,0,6,6,0,0,0,0
201,88,5,2,3,4,1,3,10,8,2,9,7,2,10,7,3
201,133,66,48,18,58,33,25,159,81,78,122,59,63,2,1,1
201,157,36,24,12,45,29,16,26,11,15,36,18,18,39,23,16
201,8,1324,672,652,1323,670,653,581,298,283,582,299,283,4,2,2
201,24,11,5,6,12,6,6,1,0,1,1,1,0,0,0,0
201,28,570,210,360,571,210,361,605,326,279,644,350,294,417,240,177
201,42,29,13,16,29,13,16,57,19,38,57,18,39,120,60,60
201,46,368,233,135,368,232,136,213,135,78,162,101,61,9,6,3
201,63,3,2,1,2,1,1,5,4,1,12,8,4,20,14,6
201,225,171,104,67,295,188,107,688,428,260,699,439,260,878,454,424
201,37,2478,1170,1308,2789,1323,1466,2569,1589,980,3675,2169,1506,2595,1332,1263
201,220,7974,4734,3240,9805,5853,3952,8934,3782,5152,2056,527,1529,11472,5530,5942
201,11,1187,553,634,802,374,428,940,430,510,1050,490,560,1536,682,854
201,68,0,0,0,0,0,0,0,0,0,6,6,0,0,0,0
202,64,21,11,10,27,16,11,18,15,3,9,5,4,23,11,12
202,118,180,125,55,186,131,55,77,64,13,52,42,10,76,58,18
202,108,3266,1721,1545,3266,1722,1544,1627,1013,614,1626,1012,614,946,631,315
202,112,1148,346,802,1224,380,844,562,288,274,609,312,297,293,148,145
202,223,3321,1676,1645,3710,1847,1863,276,245,31,271,3,268,449,148,301
202,0,3804,2146,1658,3804,2147,1657,4469,2522,1947,4469,2523,1946,8960,7177,1783
202,13,42,4,38,6,2,4,15,11,4,24,3,21,12,2,10
202,55,1,0,1,1,1,0,2,1,1,4,2,2,0,0,0
202,79,616,203,413,616,202,414,53,27,26,41,20,21,146,73,73
202,103,246,162,84,484,256,228,980,499,481,946,486,460,57,21,36
202,211,91,69,22,93,69,24,7,4,3,8,5,3,14,7,7
202,18,347,161,186,348,162,186,81,42,39,82,43,39,50,23,27
202,31,24,11,13,24,11,13,33,17,16,29,14,15,22,6,16
202,56,8,3,5,8,4,4,138,98,40,124,92,32,67,66,1
202,95,2,2,0,2,1,1,3,2,1,3,2,1,2,2,0
202,162,13,5,8,10,4,6,4,3,1,6,3,3,5,2,3
202,170,34358,9990,24368,33543,2142,31401,42704,27790,14914,33981,22784,11197,8733,4220,4513
202,216,2332,740,1592,2301,933,1368,2897,1412,1485,1407,676,731,97,69,28
202,59,1,1,0,0,0,0,9,2,7,9,2,7,2,1,1
202,68,249,132,117,249,131,118,26,17,9,22,14,8,29,15,14
202,73,2,1,1,1,0,1,17,9,8,17,10,7,19,11,8
202,96,47,15,32,47,14,33,1,0,1,2,1,1,2,0,2
202,101,7,2,5,14,6,8,2,1,1,4,2,2,0,0,0
202,114,387,194,193,387,194,193,67,32,35,85,46,39,108,56,52
202,120,822,456,366,143,80,63,29,21,8,95,70,25,60,34,26
202,153,0,0,0,10,3,7,42,20,22,40,17,23,11,5,6
202,199,9,3,6,5,1,4,56,29,27,92,39,53,95,51,44
202,218,41,18,23,43,18,25,144,63,81,164,72,92,50,20,30
202,83,25,8,17,26,9,17,17,4,13,16,3,13,4,3,1
202,104,12,6,6,11,5,6,78,17,61,78,17,61,6,3,3
202,193,2,1,1,38,18,20,21,10,11,35,14,21,29,21,8
202,12,20,10,10,20,11,9,23,7,16,23,8,15,41,19,22
202,19,0,0,0,1,1,0,18,8,10,32,15,17,55,37,18
202,74,1,0,1,1,0,1,114,37,77,80,45,35,18,7,11
202,80,3904,1751,2153,3904,1752,2152,9988,4861,5127,9987,4860,5127,966,461,505
202,145,28,2,26,33,2,31,100,3,97,7,4,3,26,16,10
202,200,47,21,26,48,21,27,8,1,7,23,6,17,24,16,8
202,24,2,1,1,1,0,1,1,1,0,1,0,1,0,0,0
202,42,0,0,0,0,0,0,0,0,0,1,0,1,1,1,0
202,37,0,0,0,3,1,2,460,228,232,495,247,248,126,62,64
202,220,442,226,216,530,272,258,464,239,225,504,221,283,698,337,361
202,11,15,9,6,16,10,6,50,20,30,50,20,30,27,12,15
202,28,0,0,0,0,0,0,0,0,0,7,7,0,1,1,0
203,183,232,45,187,232,45,187,138,5,133,137,5,132,25,6,19
203,64,123,117,6,69,63,6,150,132,18,74,53,21,188,122,66
203,118,352,338,14,312,296,16,293,253,40,217,187,30,322,265,57
203,142,5,1,4,6,3,3,21,9,12,3,1,2,7,3,4
203,191,74,25,49,138,34,104,71,11,60,259,58,201,247,59,188
203,43,2551,1340,1211,2552,1341,1211,1281,1205,76,1282,1206,76,1991,1425,566
203,44,1493,213,1280,1492,213,1279,2334,440,1894,2364,434,1930,1647,625,1022
203,45,377,54,323,404,55,349,164,19,145,122,9,113,67,7,60
203,57,68,34,34,68,34,34,72,33,39,71,33,38,52,24,28
203,106,9529,4376,5153,13036,5728,7308,9643,4203,5440,2345,832,1513,325,91,234
203,166,1545,1019,526,2052,1388,664,8580,6822,1758,13422,10307,3115,657,37,620
203,30,3435,1726,1709,3435,1727,1708,300,236,64,301,237,64,301,237,64
203,35,23339,11382,11957,23356,11386,11970,13350,5850,7500,13351,5851,7500,3337,1463,1874
203,98,494,314,180,493,314,179,9614,5600,4014,10261,5530,4731,1561,983,578
203,113,217,122,95,412,225,187,110,49,61,70,45,25,80,49,31
203,124,2653,2345,308,3688,1335,2353,12322,4584,7738,9858,3348,6510,355,279,76
203,161,49,26,23,11,7,4,102,54,48,113,58,55,5,3,2
203,185,1594,341,1253,1889,364,1525,5089,683,4406,5648,768,4880,3611,533,3078
203,205,11,4,7,13,5,8,9,3,6,24,10,14,3,1,2
203,226,1777,994,783,4150,2496,1654,1003,777,226,1422,700,722,1982,1112,870
203,16,3558,3042,516,3559,3043,516,795,663,132,794,663,131,573,486,87
203,23,5,3,2,5,3,2,10,5,5,10,5,5,3,2,1
203,125,11,2,9,8,7,1,9,6,3,24,22,2,28,24,4
203,194,31,26,5,33,20,13,67,25,42,137,77,60,4,3,1
203,15,29,18,11,30,16,14,238,158,80,369,246,123,199,129,70
203,55,27,2,25,27,3,24,55,7,48,105,19,86,12,4,8
203,107,27,21,6,26,20,6,55,42,13,52,38,14,124,91,33
203,111,363,174,189,206,195,11,134,63,71,583,365,218,1372,714,658
203,165,952,625,327,606,448,158,1210,670,540,877,534,343,375,331,44
203,211,50,26,24,51,25,26,4,1,3,4,1,3,2,0,2
203,217,627,459,168,792,567,225,1195,735,460,5921,4191,1730,2632,1799,833
203,31,2,0,2,2,0,2,3,0,3,2,0,2,6,0,6
203,56,4,1,3,4,1,3,263,16,247,241,28,213,104,18,86
203,95,72,17,55,72,16,56,115,20,95,115,20,95,45,18,27
203,162,9,5,4,6,3,3,30,17,13,34,18,16,4,2,2
203,170,3,1,2,2,1,1,68,32,36,65,29,36,4,2,2
203,187,17,2,15,22,1,21,5,1,4,5,1,4,12,3,9
203,59,1819,368,1451,1819,368,1451,2588,522,2066,2587,522,2065,1613,303,1310
203,70,9,2,7,7,1,6,30,4,26,25,6,19,42,7,35
203,73,549,163,386,549,164,385,2777,557,2220,2776,557,2219,4234,351,3883
203,96,239,57,182,238,56,182,262,85,177,262,86,176,114,12,102
203,101,182,48,134,339,108,231,52,27,25,102,61,41,15,2,13
203,114,0,0,0,1,0,1,5,0,5,6,1,5,3,1,2
203,153,947,181,766,1346,222,1124,3691,613,3078,5814,1176,4638,4960,865,4095
203,199,1518,349,1169,700,133,567,7924,1603,6321,13101,2659,10442,7612,1745,5867
203,218,4168,1113,3055,4359,1145,3214,12101,2691,9410,14367,3468,10899,5205,823,4382
203,83,65,30,35,53,27,26,60,14,46,58,13,45,22,15,7
203,104,1721,42,1679,1721,42,1679,3011,670,2341,3011,671,2340,302,150,152
203,127,8,2,6,13,3,10,12,3,9,25,1,24,25,9,16
203,163,21,5,16,24,5,19,102,60,42,76,48,28,23,6,17
203,188,5,1,4,7,1,6,54,8,46,142,7,135,12,9,3
203,193,75,24,51,226,77,149,381,53,328,677,196,481,454,86,368
203,12,396,113,283,395,113,282,457,3,454,456,3,453,812,152,660
203,19,11,6,5,61,11,50,840,78,762,649,74,575,644,102,542
203,74,390,18,372,390,18,372,1288,266,1022,2641,932,1709,1371,437,934
203,80,9972,183,9789,9972,184,9788,18449,3265,15184,18448,3265,15183,2532,369,2163
203,119,1,0,1,1,0,1,38,9,29,39,9,30,7,1,6
203,121,9,2,7,6,1,5,31,5,26,30,6,24,60,14,46
203,145,1639,389,1250,1776,416,1360,3846,649,3197,2299,490,1809,1928,460,1468
203,200,2389,878,1511,2430,913,1517,1853,127,1726,4192,1149,3043,2979,1608,1371
203,38,20,18,2,20,17,3,3,2,1,3,3,0,1,0,1
203,164,1,1,0,3,1,2,9,4,5,12,7,5,2,1,1
203,50,0,0,0,1,0,1,2,0,2,4,0,4,0,0,0
203,133,25,6,19,26,5,21,21,7,14,32,11,21,43,25,18
203,157,0,0,0,1,0,1,57,52,5,61,55,6,22,20,2
203,8,3,1,2,3,0,3,33,16,17,34,16,18,0,0,0
203,24,4,0,4,4,1,3,1,0,1,3,1,2,1,0,1
203,42,7,3,4,7,3,4,7,2,5,7,1,6,14,6,8
203,160,1,0,1,3,1,2,3,1,2,1,0,1,1,0,1
203,225,1,0,1,1,1,0,2,1,1,4,2,2,4,1,3
203,37,1467,695,772,1635,777,858,2594,694,1900,3271,1003,2268,1711,686,1025
203,84,9,3,6,23,12,11,28,5,23,65,30,35,28,10,18
203,220,28669,9719,18950,34213,12003,22210,20129,7830,12299,22457,5822,16635,23793,7931,15862
203,11,3086,1020,2066,4170,1293,2877,8440,2540,5900,20070,6650,13420,9112,2113,6999
203,147,1701,803,898,642,412,230,876,421,455,1122,538,584,1011,483,528
203,68,0,0,0,0,0,0,0,0,0,15,1,14,1,0,1
203,28,0,0,0,0,0,0,0,0,0,456,245,211,93,50,43
204,64,34,22,12,25,16,9,17,13,4,8,3,5,21,5,16
204,191,11,8,3,3,1,2,9,7,2,37,28,9,26,20,6
204,136,3,2,1,2,1,1,7,5,2,5,5,0,1,1,0
204,55,2,0,2,2,1,1,4,1,3,8,3,5,1,0,1
204,107,50,11,39,51,12,39,48,28,20,44,23,21,106,55,51
204,211,46660,21809,24851,50065,23608,26457,3803,189,3614,4214,270,3944,3731,788,2943
204,31,229,110,119,229,110,119,466,263,203,383,217,166,183,99,84
204,56,66,53,13,66,54,12,892,707,185,797,643,154,188,129,59
204,95,22964,10194,12770,22965,10195,12770,23,15,8,23,15,8,144,92,52
204,162,43,29,14,36,25,11,27,12,15,36,16,20,11,6,5
204,170,74,8,66,71,2,69,15,13,2,8,7,1,4,2,2
204,187,177,112,65,242,155,87,58,41,17,64,45,19,127,90,37
204,59,86,45,41,85,44,41,654,366,288,654,366,288,360,197,163
204,73,10,3,7,9,3,6,43,21,22,42,21,21,8659,4624,4035
204,96,2,1,1,1,1,0,11,6,5,11,7,4,9,4,5
204,101,223,124,99,414,243,171,40,21,19,124,94,30,14,5,9
204,153,26,14,12,511,275,236,1311,720,591,289,127,162,340,193,147
204,199,346,175,171,160,76,84,1029,510,519,1361,704,657,1464,811,653
204,218,440,121,319,454,125,329,711,353,358,871,430,441,347,129,218
204,1,54,26,28,55,27,28,123,28,95,122,60,62,49,24,25
204,26,658,314,344,657,313,344,1112,549,563,426,196,230,318,150,168
204,52,972,644,328,2253,1236,1017,242,57,185,243,58,185,63,16,47
204,83,1633,896,737,1591,892,699,645,223,422,644,223,421,96,72,24
204,104,14088,3481,10607,14088,3480,10608,14255,7393,6862,14254,7392,6862,1160,574,586
204,127,3,1,2,26,10,16,27,11,16,42,9,33,7,6,1
204,163,3,1,2,5,2,3,126,64,62,104,53,51,23,6,17
204,182,33892,14048,19844,11764,4037,7727,3152,1589,1563,1102,459,643,1060,515,545
204,188,913,396,517,872,462,410,1387,825,562,7509,4647,2862,963,163,800
204,193,42,25,17,78,46,32,217,134,83,173,61,112,78,32,46
204,12,1548,950,598,1547,949,598,1787,827,960,1786,826,960,3178,1780,1398
204,19,261,140,121,238,129,109,1076,541,535,1154,568,586,4408,2342,2066
204,74,2360,596,1764,2459,604,1855,75642,37466,38176,438,163,275,339,157,182
204,80,8976,3048,5928,8975,3048,5927,26944,13188,13756,26945,13188,13757,0,0,0
204,119,93,44,49,85,36,49,270,144,126,269,145,124,12,1,11
204,121,833,481,352,820,473,347,40,14,26,37,13,24,119,72,47
204,145,1,0,1,4,1,3,48,30,18,24,9,15,79,42,37
204,200,1078,684,394,1217,810,407,5033,1863,3170,5892,432,5460,8765,6364,2401
204,62,1,1,0,0,0,0,9,4,5,9,4,5,1,0,1
204,50,8,6,2,2,0,2,7,4,3,13,7,6,1,0,1
204,8,5021,2543,2478,5020,2542,2478,819,336,483,820,337,483,5,2,3
204,24,0,0,0,0,0,0,5,4,1,5,4,1,2,2,0
204,42,87,38,49,86,38,48,76,13,63,76,12,64,159,58,101
204,63,14,10,4,14,9,5,0,0,0,0,0,0,0,0,0
204,37,35,3,32,198,81,117,850,484,366,1337,734,603,1111,552,559
204,220,3813,1928,1885,4398,2240,2158,1926,1008,918,2179,893,1286,2531,1206,1325
204,11,5794,2925,2869,3042,1613,1429,1770,740,1030,740,290,450,2175,916,1259
204,68,0,0,0,0,0,0,0,0,0,4,2,2,0,0,0
204,137,0,0,0,0,0,0,0,0,0,2949,1210,1739,368,162,206
204,28,0,0,0,0,0,0,0,0,0,38,24,14,8,5,3
205,34,3,2,1,3,2,1,4,2,2,5,3,2,0,0,0
205,98,70649,35269,35380,70650,35269,35381,63362,29132,34230,58320,30427,27893,1561,983,578
205,161,750,347,403,960,437,523,810,367,443,768,357,411,2,1,1
205,56,1,1,0,0,0,0,0,0,0,1,1,0,0,0,0
205,101,1,0,1,3,1,2,1,1,0,1,0,1,0,0,0
205,218,970,636,334,993,650,343,333,212,121,172,97,75,220,142,78
205,83,3,2,1,3,1,2,108,47,61,108,47,61,9,7,2
205,104,17,4,13,17,5,12,18,13,5,17,13,4,2,1,1
205,163,757,363,394,816,394,422,187,106,81,524,264,260,147,29,118
205,74,0,0,0,0,0,0,5,5,0,5,5,0,1,1,0
205,37,1,0,1,1,0,1,21,10,11,19,9,10,0,0,0
205,11,4614,2365,2249,4904,2503,2401,10740,5370,5370,140,120,20,614,339,275
205,28,0,0,0,0,0,0,0,0,0,49,0,49,10,0,10
206,39,4,2,2,4,2,2,3,2,1,0,0,0,1,0,1
206,48,116,30,86,348,128,220,441,73,368,1064,466,598,603,238,365
206,77,1388,687,701,2365,1172,1193,1030,515,515,1658,829,829,1354,655,699
206,21,4489,1565,2924,4489,1566,2923,7406,3183,4223,7405,3182,4223,7085,3107,3978
206,32,1494,449,1045,2790,1289,1501,2625,1179,1446,1681,565,1116,672,241,431
206,51,8307,4509,3798,2769,1518,1251,5347,2971,2376,6751,3754,2997,1856,1024,832
206,81,82568,37295,45273,72061,32372,39689,14136,6351,7785,12381,5561,6820,13679,6731,6948
206,89,224,210,14,141,86,55,1504,786,718,1847,998,849,589,348,241
206,117,6,6,0,6,5,1,75,31,44,138,71,67,3,1,2
206,126,41,25,16,78,45,33,2637,1515,1122,2674,1532,1142,486,274,212
206,130,13,10,3,15,9,6,25,18,7,23,15,8,18,10,8
206,149,1835,448,1387,1897,468,1429,166,46,120,153,40,113,130,37,93
206,150,5556,2929,2627,7653,4051,3602,19724,10782,8942,33515,18305,15210,34364,18663,15701
206,181,63,39,24,135,109,26,97,80,17,165,131,34,43,29,14
206,184,2,2,0,2,2,0,1,0,1,1,1,0,1,1,0
206,203,0,0,0,0,0,0,0,0,0,2,1,1,1,1,0
206,56,2,1,1,2,1,1,3,2,1,2,1,1,3,3,0
206,95,2,1,1,2,1,1,1,1,0,3,2,1,4,1,3
206,59,34,25,9,33,24,9,22,8,14,21,8,13,6,3,3
206,73,5,4,1,4,4,0,21,16,5,21,16,5,33,25,8
206,96,1,1,0,0,0,0,1,0,1,0,0,0,4,4,0
206,101,39,22,17,72,44,28,8,4,4,21,16,5,2,0,2
206,114,0,0,0,0,0,0,1,1,0,0,0,0,0,0,0
206,153,20,17,3,24,8,16,6,1,5,28,13,15,18,11,7
206,199,34,20,14,16,9,7,21,5,16,56,38,18,50,22,28
206,218,224,132,92,230,134,96,470,251,219,552,302,250,191,98,93
206,83,3,1,2,4,1,3,6,3,3,8,4,4,0,0,0
206,104,654,344,310,654,345,309,1878,1313,565,1878,1313,565,65,32,33
206,163,10,8,2,11,8,3,22,15,7,15,9,6,6,3,3
206,193,24,16,8,54,39,15,224,174,50,143,94,49,42,10,32
206,12,16,11,5,15,10,5,18,10,8,18,10,8,32,21,11
206,19,208,167,41,231,181,50,644,405,239,1095,601,494,1259,837,422
206,74,470,142,328,469,141,328,4454,2105,2349,2053,1144,909,1795,899,896
206,80,4792,3223,1569,4792,3223,1569,1250,260,990,1249,260,989,475,286,189
206,145,144,105,39,160,115,45,674,455,219,164,132,32,85,44,41
206,200,386,234,152,390,236,154,165,69,96,193,28,165,278,208,70
206,24,1,0,1,0,0,0,2,1,1,1,0,1,0,0,0
206,42,8,3,5,8,4,4,3,0,3,4,0,4,8,4,4
206,37,306,147,159,317,153,164,820,527,293,914,582,332,291,172,119
206,11,6,4,2,6,5,1,20,20,0,280,140,140,48,19,29
206,28,0,0,0,0,0,0,0,0,0,9,9,0,2,2,0
207,31,0,0,0,0,0,0,1,0,1,0,0,0,1,0,1
207,83,1,1,0,0,0,0,1,0,1,1,0,1,0,0,0
207,11,128,65,63,119,60,59,100,70,30,160,100,60,178,80,98
207,147,2,0,2,152,58,94,100,50,50,52,26,26,75,38,37
207,3,1,1,0,2,1,1,3,1,2,3,1,2,0,0,0
207,177,2,1,1,2,0,2,8,4,4,16,9,7,5,4,1
208,31,1,1,0,0,0,0,1,0,1,0,0,0,1,1,0
208,56,1,0,1,1,0,1,2,1,1,2,0,2,0,0,0
208,59,2,2,0,1,1,0,2,0,2,2,0,2,6,4,2
208,73,1,1,0,0,0,0,0,0,0,0,0,0,2,2,0
208,96,1,1,0,0,0,0,0,0,0,0,0,0,0,0,0
208,101,1,1,0,1,1,0,0,0,0,1,1,0,0,0,0
208,199,3,1,2,2,0,2,4,1,3,3,0,3,7,3,4
208,218,58,29,29,60,30,30,57,43,14,73,52,21,31,18,13
208,104,6,0,6,7,1,6,3,3,0,4,3,1,0,0,0
208,12,1,0,1,0,0,0,1,0,1,0,0,0,1,1,0
208,74,6,1,5,5,1,4,125,50,75,39,11,28,7,3,4
208,24,1,0,1,0,0,0,0,0,0,1,0,1,0,0,0
208,42,135,43,92,134,43,91,55,2,53,57,3,54,108,23,85
208,37,3,1,2,5,2,3,9,9,0,11,7,4,11,4,7
208,220,3020,1506,1514,3581,1799,1782,857,377,480,655,459,196,1960,916,1044
208,11,1191,617,574,756,416,340,610,350,260,1350,770,580,1714,897,817
208,147,822,256,566,3908,1869,2039,2059,987,1072,2007,956,1051,1661,782,879
208,72,18,15,3,4,3,1,5,3,2,89,56,33,39,28,11
208,158,2,1,1,11,7,4,6,5,1,6,2,4,2,1,1
208,224,1,0,1,2,0,2,0,0,0,2,1,1,0,0,0
208,134,3,1,2,1,1,0,5,3,2,1,1,0,3,1,2
208,3,81,49,32,81,48,33,75,36,39,74,36,38,19,12,7
208,151,31,16,15,27,11,16,6,3,3,4,2,2,3,2,1
208,177,25,13,12,25,12,13,6,3,3,11,7,4,4,3,1
208,68,0,0,0,0,0,0,0,0,0,1,1,0,0,0,0
209,191,10,6,4,5,4,1,2,1,1,8,4,4,5,3,2
209,55,2,0,2,1,0,1,3,0,3,6,1,5,1,0,1
209,56,1,1,0,0,0,0,2,1,1,1,1,0,4,1,3
209,95,5,2,3,4,1,3,3,2,1,2,1,1,2,1,1
209,59,26,9,17,25,8,17,6,3,3,5,2,3,11,3,8
209,73,3,2,1,3,3,0,7,3,4,7,3,4,18,10,8
209,96,1,0,1,1,1,0,0,0,0,0,0,0,0,0,0
209,101,38,13,25,71,27,44,10,5,5,22,15,7,2,0,2
209,114,0,0,0,0,0,0,1,1,0,1,1,0,1,1,0
209,153,6,2,4,42,19,23,34,9,25,36,18,18,16,1,15
209,199,35,15,20,16,6,10,18,12,6,41,22,19,6,5,1
209,218,1537,435,1102,1853,531,1322,154,6,148,1844,777,1067,2785,865,1920
209,83,2,1,1,1,0,1,4,0,4,4,1,3,0,0,0
209,104,31,5,26,30,4,26,43,15,28,42,14,28,4,2,2
209,127,2,0,2,2,1,1,4,0,4,9,2,7,3,2,1
209,193,8,3,5,232,96,136,131,55,76,60,21,39,24,4,20
209,12,5,2,3,5,2,3,6,2,4,5,2,3,11,4,7
209,74,9,0,9,10,1,9,131,62,69,45,41,4,31,7,24
209,80,50,6,44,50,7,43,216,78,138,216,79,137,31,12,19
209,145,106,39,67,119,44,75,67,14,53,7,4,3,10,10,0
209,200,19,12,7,21,12,9,26,6,20,41,4,37,50,34,16
209,7,118,58,60,117,57,60,43,20,23,43,21,22,43,21,22
209,14,21,11,10,22,12,10,20,6,14,19,5,14,30,12,18
209,17,160,80,80,160,81,79,330,159,171,321,156,165,71,26,45
209,25,25,12,13,26,12,14,4,2,2,72,30,42,0,0,0
209,29,37,22,15,36,21,15,41,26,15,40,25,15,41,26,15
209,38,126,67,59,126,66,60,38,27,11,38,28,10,4,2,2
209,61,36,21,15,28,17,11,40,24,16,47,29,18,44,27,17
209,62,11,4,7,11,5,6,50,25,25,50,25,25,1,0,1
209,85,330,82,248,331,82,249,95,36,59,95,35,60,26,8,18
209,105,351,172,179,350,172,178,63,23,40,64,23,41,50,24,26
209,138,14,8,6,13,8,5,1,1,0,2,2,0,2,2,0
209,164,20,10,10,21,9,12,83,39,44,119,57,62,2,2,0
209,173,37,19,18,58,31,27,29,17,12,20,12,8,7,5,2
209,174,113,55,58,164,81,83,98,48,50,38,20,18,42,20,22
209,176,34,17,17,36,19,17,18,10,8,18,9,9,21,9,12
209,186,0,0,0,0,0,0,100,36,64,100,35,65,8,3,5
209,221,175,82,93,170,81,89,187,82,105,185,82,103,1,1,0
209,50,5,3,2,6,1,5,10,4,6,17,5,12,1,0,1
209,133,3,2,1,6,3,3,9,6,3,5,5,0,3,1,2
209,157,11,5,6,7,4,3,25,13,12,30,16,14,18,10,8
209,8,2,1,1,2,1,1,18,11,7,19,12,7,0,0,0
209,24,5,1,4,5,1,4,5,1,4,5,1,4,1,1,0
209,42,2,2,0,4,3,1,1,0,1,2,1,1,5,1,4
209,46,6,1,5,7,1,6,5,2,3,3,2,1,2,1,1
209,63,2,1,1,2,1,1,3,1,2,9,4,5,14,6,8
209,91,121,66,55,120,66,54,161,91,70,160,91,69,129,71,58
209,225,437,206,231,409,195,214,19,7,12,22,8,14,84,20,64
209,22,7,3,4,6,3,3,10,6,4,10,6,4,1,1,0
209,37,7911,3707,4204,9226,4350,4876,2101,1432,669,3066,442,2624,7856,3517,4339
209,220,37708,15220,22488,43980,18146,25834,14258,6569,7689,16852,4839,12013,12440,4715,7725
209,11,285,148,137,215,116,99,120,70,50,150,70,80,230,129,101
209,68,0,0,0,0,0,0,0,0,0,2,0,2,0,0,0
209,54,0,0,0,0,0,0,0,0,0,89,39,50,7,3,4
209,28,0,0,0,0,0,0,0,0,0,186,84,102,38,17,21
210,77,14,8,6,23,13,10,10,5,5,16,9,7,13,7,6
210,64,30,6,24,59,13,46,109,71,38,54,11,43,139,1,138
210,118,412,250,162,444,288,156,427,329,98,235,158,77,348,203,145
210,139,145,89,56,86,32,54,44,10,34,208,100,108,666,329,337
210,191,42,13,29,21,6,15,9,5,4,34,17,17,26,14,12
210,130,25,20,5,25,16,9,10,6,4,6,4,2,3,2,1
210,161,96,46,50,129,61,68,150,71,79,168,74,94,8,4,4
210,15,15,9,6,16,9,7,95,62,33,159,106,53,28,17,11
210,55,4,2,2,3,2,1,8,5,3,14,9,5,1,0,1
210,100,43,26,17,35,25,10,61,50,11,9,6,3,15,8,7
210,103,973,746,227,3174,1559,1615,6837,3212,3625,6481,3077,3404,715,273,442
210,107,48,28,20,47,28,19,139,96,43,130,87,43,311,207,104
210,111,192,92,100,109,103,6,70,32,38,308,193,115,528,259,269
210,165,23,22,1,20,11,9,143,101,42,487,415,72,68,68,0
210,195,20,11,9,19,11,8,103,37,66,102,37,65,6,3,3
210,211,165,96,69,178,107,71,14,5,9,16,5,11,12,3,9
210,217,330,242,88,417,298,119,381,217,164,2629,1861,768,484,322,162
210,31,12,7,5,11,7,4,19,14,5,16,11,5,19,13,6
210,56,19,16,3,19,16,3,253,236,17,225,211,14,197,193,4
210,95,48,40,8,47,39,8,30,26,4,30,26,4,49,32,17
210,162,27,22,5,23,19,4,139,129,10,149,136,13,16,14,2
210,169,3,2,1,1,0,1,0,0,0,1,0,1,1073,743,330
210,170,109,14,95,104,2,102,45,25,20,52,31,21,6,4,2
210,187,37,35,2,51,47,4,12,11,1,12,11,1,26,24,2
210,59,157,98,59,156,97,59,82,37,45,81,37,44,40,15,25
210,70,7,6,1,1,1,0,4,3,1,3,2,1,7,6,1
210,73,45,36,9,44,36,8,165,126,39,165,126,39,228,173,55
210,96,3,2,1,3,3,0,2,1,1,2,1,1,10,7,3
210,101,34,27,7,63,52,11,3,2,1,19,18,1,2,1,1
210,114,0,0,0,0,0,0,1,1,0,1,1,0,1,1,0
210,153,72,59,13,83,48,35,120,57,63,209,111,98,148,91,57
210,199,400,272,128,185,123,62,479,277,202,858,507,351,878,564,314
210,218,277,224,53,323,249,74,1284,968,316,1631,1216,415,724,478,246
210,83,122,53,69,116,53,63,180,162,18,179,162,17,20,17,3
210,104,7553,2589,4964,7553,2589,4964,16045,10357,5688,16045,10357,5688,1416,699,717
210,127,27,16,11,51,31,20,42,25,17,19,5,14,76,50,26
210,163,17,11,6,20,12,8,42,37,5,27,26,1,12,8,4
210,182,26,20,6,11,7,4,0,0,0,0,0,0,1,0,1
210,188,2,2,0,3,1,2,6,5,1,27,24,3,10,10,0
210,193,144,104,40,454,314,140,759,570,189,713,455,258,90,34,56
210,12,261,194,67,260,193,67,301,193,108,300,192,108,535,378,157
210,19,1229,870,359,1370,954,416,241,110,131,673,374,299,1785,1180,605
210,74,9017,3259,5758,9017,3259,5758,67837,29523,38314,11361,4261,7100,29350,15836,13514
210,80,1951,1057,894,1951,1057,894,8312,5833,2479,8311,5832,2479,1377,923,454
210,119,0,0,0,0,0,0,8,6,2,10,7,3,4,0,4
210,121,9,4,5,9,3,6,16,8,8,14,7,7,48,35,13
210,145,486,323,163,594,395,199,529,242,287,99,4,95,236,133,103
210,200,1182,813,369,1205,834,371,937,512,425,1100,367,733,1662,1340,322
210,50,1,1,0,1,1,0,1,0,1,2,0,2,0,0,0
210,8,2,1,1,2,1,1,25,16,9,25,16,9,0,0,0
210,24,1,1,0,0,0,0,0,0,0,0,0,0,0,0,0
210,42,5,1,4,6,2,4,3,1,2,3,0,3,5,2,3
210,225,1,1,0,0,0,0,0,0,0,1,0,1,1,1,0
210,37,1444,691,753,1536,736,800,2902,2268,634,3401,2570,831,1378,873,505
210,220,1010,581,429,1219,705,514,836,12,824,925,393,532,2204,1068,1136
210,11,58,35,23,31,20,11,40,20,20,90,40,50,85,61,24
210,146,87,45,42,87,45,42,47,27,20,47,27,20,41,24,17
210,68,0,0,0,0,0,0,0,0,0,7,6,1,0,0,0
210,28,0,0,0,0,0,0,0,0,0,79,67,12,16,14,2
211,39,2,0,2,2,1,1,2,0,2,0,0,0,1,0,1
211,64,91,88,3,65,48,17,125,102,23,62,36,26,157,74,83
211,118,261,222,39,221,185,36,298,244,54,194,152,42,286,207,79
211,142,3,1,2,3,2,1,11,6,5,2,1,1,3,1,2
211,191,241,134,107,83,41,42,92,57,35,334,215,119,319,208,111
211,108,7376,3847,3529,7375,3847,3528,4823,2936,1887,4823,2937,1886,2805,1837,968
211,112,95,61,34,81,53,28,99,47,52,83,38,45,140,70,70
211,202,220,21,199,187,27,160,166,98,68,154,68,86,11,9,2
211,136,11,10,1,13,10,3,15,3,12,32,19,13,18,7,11
211,161,291,145,146,429,212,217,48,25,23,18,13,5,13,6,7
211,203,0,0,0,1,0,1,1,0,1,1,1,0,0,0,0
211,97,107,51,56,107,51,56,10,5,5,10,5,5,4,2,2
211,99,27,16,11,379,230,149,341,202,139,1448,908,540,25,25,0
211,194,4,4,0,6,3,3,12,5,7,23,12,11,1,1,0
211,9,119,90,29,195,94,101,768,199,569,252,54,198,669,198,471
211,13,354,213,141,20,5,15,131,116,15,205,128,77,103,64,39
211,15,129,77,52,133,73,60,431,276,155,869,575,294,683,471,212
211,55,63,26,37,63,27,36,129,58,71,246,117,129,29,17,12
211,79,58,35,23,57,35,22,185,94,91,189,95,94,69,34,35
211,100,16501,9669,6832,3554,2099,1455,3446,2036,1410,887,529,358,1927,957,970
211,103,1043,256,787,776,437,339,2480,1226,1254,2125,1088,1037,849,331,518
211,107,186,165,21,190,167,23,553,468,85,514,428,86,1229,1021,208
211,111,1591,760,831,903,855,48,586,271,315,2558,1604,954,1834,605,1229
211,115,70,67,3,72,68,4,123,84,39,123,84,39,171,111,60
211,165,200,187,13,173,89,84,718,483,235,3196,2745,451,1203,898,305
211,217,2753,2015,738,3476,2490,986,708,283,425,15903,11264,4639,6966,4961,2005
211,18,7,6,1,7,7,0,1,1,0,1,1,0,2,2,0
211,31,634,474,160,633,474,159,953,720,233,828,630,198,2760,1863,897
211,56,27,20,7,27,20,7,430,343,87,385,313,72,656,423,233
211,95,534,417,117,533,417,116,341,246,95,341,246,95,20,15,5
211,162,93,63,30,79,53,26,207,190,17,230,204,26,32,22,10
211,167,8,6,2,81,55,26,65,43,22,124,73,51,19,13,6
211,169,932,791,141,835,688,147,282,166,116,133,112,21,2495,1986,509
211,170,2434,301,2133,2358,60,2298,684,662,22,577,510,67,192,140,52
211,187,82,67,15,109,89,20,25,21,4,27,23,4,55,46,9
211,216,54,39,15,33,22,11,134,114,20,65,55,10,4,4,0
211,59,5307,2664,2643,5306,2663,2643,1836,889,947,1835,889,946,619,280,339
211,73,676,524,152,675,524,151,1786,1263,523,1785,1262,523,2481,1492,989
211,96,9,6,3,8,5,3,14,9,5,13,8,5,8,4,4
211,101,166,124,42,310,238,72,18,10,8,93,81,12,10,6,4
211,114,6,5,1,7,6,1,41,30,11,40,28,12,18,13,5
211,120,5,3,2,10,7,3,24,19,5,16,11,5,11,9,2
211,153,997,305,692,1326,734,592,1824,1063,761,1351,746,605,717,355,362
211,199,4679,2375,2304,2154,1036,1118,3959,2335,1624,6674,4272,2402,4661,2837,1824
211,218,12848,6942,5906,13501,7261,6240,16004,8685,7319,21565,12044,9521,11091,5520,5571
211,1,201,138,63,202,138,64,451,235,216,451,309,142,182,125,57
211,52,0,0,0,0,0,0,43,26,17,42,25,17,1,1,0
211,83,20239,7003,13236,21138,6853,14285,20828,8056,12772,20828,8056,12772,1458,1096,362
211,104,1022,526,496,1021,525,496,5435,3356,2079,5434,3355,2079,308,152,156
211,127,14,10,4,24,17,7,22,15,7,75,49,26,54,41,13
211,163,35,24,11,39,27,12,95,54,41,62,32,30,25,11,14
211,182,255,174,81,109,71,38,5,5,0,9,7,2,9,6,3
211,188,5,5,0,7,5,2,22,13,9,59,43,16,10,9,1
211,193,136,97,39,391,270,121,890,614,276,1405,881,524,693,315,378
211,204,1830,796,1034,5470,2246,3224,533,224,309,1928,1224,704,1252,550,702
211,12,11251,6749,4502,11336,6740,4596,23630,12097,11533,23720,12093,11627,26802,14771,12031
211,19,11720,6841,4879,13698,7727,5971,14918,7474,7444,513,99,414,4332,2954,1378
211,74,7796,2231,5565,7795,2230,5565,27025,10267,16758,45251,21529,23722,22464,11380,11084
211,80,31759,25700,6059,31759,25701,6058,24408,23538,870,24409,23538,871,55174,27992,27182
211,119,177,77,100,161,62,99,288,138,150,285,139,146,38,26,12
211,121,10,9,1,9,8,1,24,7,17,21,5,16,69,39,30
211,145,15351,6974,8377,20770,9662,11108,19159,9347,9812,1831,193,1638,2332,916,1416
211,200,2679,2076,603,2878,2257,621,6578,2427,4151,7823,456,7367,12594,9251,3343
211,10,52,51,1,52,51,1,0,0,0,11,8,3,0,0,0
211,62,8,3,5,8,4,4,30,13,17,30,13,17,2,1,1
211,164,2,2,0,3,1,2,11,6,5,14,7,7,1,0,1
211,50,1,1,0,1,0,1,2,1,1,4,2,2,0,0,0
211,88,2,1,1,3,1,2,4,2,2,3,2,1,3,1,2
211,133,27,14,13,42,21,21,62,3,59,59,16,43,3,1,2
211,157,2,1,1,5,3,2,26,24,2,30,27,3,16,13,3
211,8,584,233,351,583,232,351,349,161,188,349,160,189,2,1,1
211,24,6,4,2,5,4,1,10,6,4,9,6,3,5,3,2
211,28,169,142,27,169,141,28,163,10,153,171,15,156,73,49,24
211,42,37,21,16,37,21,16,47,12,35,48,13,35,101,45,56
211,46,11,2,9,11,2,9,7,1,6,6,3,3,3,2,1
211,160,4,3,1,6,4,2,7,4,3,3,2,1,3,2,1
211,225,2,1,1,2,2,0,5,3,2,7,5,2,9,5,4
211,22,27,22,5,29,23,6,42,13,29,41,12,29,1,0,1
211,37,2784,1316,1468,3129,1485,1644,3741,2476,1265,5024,3163,1861,3100,1653,1447
211,220,10308,4775,5533,12983,6069,6914,8830,4156,4674,9900,3500,6400,10519,4425,6094
211,11,528,495,33,1352,464,888,3390,1800,1590,2370,1410,960,3170,1523,1647
211,68,0,0,0,0,0,0,0,0,0,87,75,12,6,5,1
211,137,0,0,0,0,0,0,0,0,0,79,4,75,9,1,8
212,64,6,2,4,8,4,4,7,6,1,3,2,1,8,4,4
212,118,57,36,21,60,38,22,29,23,6,19,16,3,26,20,6
212,108,217,128,89,216,127,89,108,73,35,108,73,35,63,45,18
212,112,514,218,296,551,234,317,360,161,199,382,171,211,133,59,74
212,202,340,129,211,271,94,177,45,31,14,44,17,27,6,5,1
212,223,221,126,95,245,138,107,18,16,2,18,3,15,29,11,18
212,99,21,12,9,11,11,0,49,29,20,4653,2854,1799,49,49,0
212,9,51,39,12,82,42,40,323,94,229,105,26,79,350,156,194
212,13,287,38,249,36,10,26,106,80,26,167,29,138,84,16,68
212,55,1,0,1,1,0,1,2,0,2,5,1,4,1,1,0
212,79,274,125,149,275,125,150,83,36,47,78,34,44,66,29,37
212,103,364,168,196,316,152,164,512,245,267,532,252,280,70,27,43
212,211,698,500,198,704,504,200,59,31,28,59,30,29,28,6,22
212,18,334,147,187,335,147,188,78,39,39,79,39,40,49,23,26
212,31,54,19,35,54,20,34,72,28,44,65,26,39,31,14,17
212,56,6,3,3,5,2,3,68,29,39,61,29,32,16,4,12
212,162,9,2,7,7,2,5,8,2,6,12,3,9,2,0,2
212,170,7356,3956,3400,1073,892,181,5772,1427,4345,2709,322,2387,3475,1183,2292
212,216,2854,738,2116,2507,584,1923,2230,1022,1208,1083,489,594,75,52,23
212,59,0,0,0,2,1,1,6,0,6,7,1,6,3,2,1
212,68,312,162,150,313,163,150,13,9,4,14,11,3,26,10,16
212,73,2,1,1,2,1,1,8,3,5,8,4,4,7,0,7
212,96,0,0,0,0,0,0,1,0,1,0,0,0,0,0,0
212,101,2,1,1,3,2,1,1,1,0,1,1,0,0,0,0
212,114,452,219,233,453,219,234,97,47,50,117,64,53,116,58,58
212,120,2862,1287,1575,104,47,57,19,12,7,67,45,22,44,21,23
212,153,0,0,0,9,5,4,33,18,15,15,8,7,18,7,11
212,199,8,2,6,4,1,3,102,43,59,57,20,37,23,8,15
212,218,39,12,27,40,11,29,288,116,172,320,130,190,85,27,58
212,83,20214,11122,9092,19885,11098,8787,11,3,8,11,3,8,5,4,1
212,104,19,0,19,20,1,19,81,17,64,81,17,64,6,3,3
212,182,19,4,15,8,1,7,0,0,0,0,0,0,1,0,1
212,193,1,0,1,25,5,20,14,3,11,14,5,9,33,13,20
212,12,10,4,6,10,5,5,12,3,9,11,2,9,20,7,13
212,19,0,0,0,1,1,0,7,2,5,2,2,0,14,5,9
212,74,7,1,6,6,0,6,74,59,15,45,42,3,16,6,10
212,80,1746,743,1003,1745,742,1003,1442,675,767,1442,676,766,221,99,122
212,200,15,7,8,16,6,10,15,4,11,18,2,16,14,9,5
212,24,1,0,1,0,0,0,0,0,0,1,0,1,0,0,0
212,42,2,1,1,1,0,1,0,0,0,0,0,0,3,2,1
212,37,2,1,1,3,1,2,147,56,91,162,62,100,49,20,29
212,220,148,76,72,179,92,87,416,211,205,433,114,319,334,145,189
212,11,7,4,3,8,5,3,20,0,20,30,0,30,3,0,3
212,28,0,0,0,0,0,0,0,0,0,21,6,15,4,1,3
213,31,1,1,0,0,0,0,1,1,0,0,0,0,0,0,0
213,101,1,1,0,1,1,0,0,0,0,1,1,0,0,0,0
213,218,53,23,30,56,25,31,18,7,11,9,3,6,11,5,6
213,74,0,0,0,0,0,0,6,3,3,6,4,2,1,1,0
213,7,1,0,1,0,0,0,1,1,0,0,0,0,0,0,0
213,14,796,334,462,796,334,462,469,178,291,469,178,291,119,42,77
213,62,1,1,0,0,0,0,15,5,10,14,5,9,2,1,1
213,42,0,0,0,1,1,0,0,0,0,2,1,1,3,3,0
213,22,22,10,12,23,10,13,31,23,8,30,23,7,1,0,1
213,37,14,7,7,14,7,7,30,23,7,33,26,7,9,7,2
214,31,2,1,1,2,2,0,3,2,1,3,2,1,12,9,3
214,56,0,0,0,0,0,0,0,0,0,1,1,0,0,0,0
214,170,2,1,1,2,0,2,272,114,158,266,110,156,11,3,8
214,73,0,0,0,0,0,0,1,0,1,1,1,0,1,1,0
214,83,28,12,16,29,12,17,33,15,18,33,14,19,0,0,0
214,104,1,1,0,0,0,0,3,1,2,2,1,1,0,0,0
214,193,7,4,3,213,118,95,120,67,53,64,33,31,14,8,6
214,12,1,0,1,1,1,0,1,0,1,1,0,1,1,0,1
214,74,0,0,0,0,0,0,7,6,1,7,6,1,0,0,0
214,8,0,0,0,0,0,0,2,1,1,2,1,1,0,0,0
214,37,0,0,0,0,0,0,5,2,3,5,3,2,0,0,0
214,11,17,9,8,12,6,6,50,20,30,30,10,20,40,35,5
214,147,355,170,185,392,167,225,184,89,95,161,77,84,140,66,74
214,72,6,5,1,1,0,1,1,0,1,27,17,10,12,9,3
214,110,38,26,12,37,25,12,17,5,12,17,5,12,28,16,12
214,143,24,13,11,24,14,10,16,9,7,16,10,6,7,5,2
214,151,17,8,9,16,12,4,1,0,1,2,0,2,2,1,1
214,177,27,15,12,27,14,13,6,3,3,11,7,4,2,1,1
214,207,1,0,1,7,6,1,5,3,2,15,7,8,6,4,2
215,33,287,145,142,597,292,305,144,36,108,76,1,75,160,94,66
215,67,507,318,189,508,319,189,155,116,39,153,115,38,26,23,3
215,69,32,26,6,57,41,16,31,28,3,17,0,17,40,18,22
215,109,154609,75526,79083,61907,25887,36020,10277,1091,9186,35202,9361,25841,6811,3840,2971
215,171,17880,9263,8617,27255,14118,13137,14189,7342,6847,622,328,294,613,322,291
215,183,4,2,2,5,2,3,9,5,4,10,5,5,3,2,1
215,192,0,0,0,0,0,0,0,0,0,144466,70495,73971,12227,4184,8043
215,219,4160,2182,1978,3260,1735,1525,2802,1419,1383,2546,1386,1160,2081,1034,1047
215,230,10,7,3,11,6,5,15,9,6,101,61,40,98,86,12
215,58,1362,914,448,4397,2078,2319,5934,2911,3023,30078,14752,15326,6191,1118,5073
215,64,16,16,0,13,12,1,12,11,1,6,5,1,15,11,4
215,196,16662,8120,8542,13362,6484,6878,18306,9290,9016,24024,12361,11663,829,407,422
215,27,116,69,47,159,92,67,332,181,151,336,183,153,407,217,190
215,116,25,14,11,30,16,14,2,1,1,2,1,1,3,2,1
215,142,32,14,18,47,23,24,133,69,64,19,9,10,41,20,21
215,191,1739,767,972,920,371,549,441,234,207,1513,875,638,8921,5283,3638
215,198,7,4,3,22,10,12,9,4,5,9,4,5,7,4,3
215,203,0,0,0,0,0,0,0,0,0,0,0,0,0,0,0
215,97,593,255,338,593,254,339,66,33,33,67,34,33,27,14,13
215,55,2,1,1,2,2,0,4,3,1,8,6,2,1,1,0
215,31,1,1,0,1,1,0,1,0,1,1,1,0,1,1,0
215,56,2,1,1,2,1,1,8,4,4,7,4,3,8,4,4
215,95,8,4,4,8,4,4,5,2,3,5,3,2,4,3,1
215,162,9,5,4,7,5,2,9,1,8,11,0,11,2,0,2
215,170,11,2,9,11,1,10,4,3,1,4,3,1,2,1,1
215,59,336,120,216,336,121,215,218,83,135,218,84,134,106,39,67
215,73,6,3,3,6,3,3,58,30,28,57,29,28,89,35,54
215,96,2,0,2,1,0,1,8,2,6,8,3,5,17,5,12
215,101,51,22,29,95,44,51,12,6,6,29,20,9,3,0,3
215,114,0,0,0,1,1,0,2,1,1,0,0,0,1,1,0
215,153,83,42,41,134,58,76,176,62,114,204,94,110,285,119,166
215,199,351,168,183,162,73,89,123,46,77,497,232,265,1054,550,504
215,218,1435,310,1125,2295,690,1605,1662,703,959,4623,1704,2919,7190,3002,4188
215,83,16,12,4,16,11,5,25,9,16,25,10,15,7,5,2
215,104,155,60,95,155,61,94,302,142,160,302,143,159,20,10,10
215,163,19,7,12,22,9,13,14,5,9,20,8,12,3,0,3
215,193,6,3,3,197,100,97,111,57,54,92,53,39,16,6,10
215,12,20,12,8,19,11,8,23,10,13,22,10,12,40,22,18
215,19,0,0,0,3,1,2,48,23,25,99,45,54,122,63,59
215,74,14,2,12,13,1,12,105,37,68,194,68,126,44,17,27
215,80,138,10,128,137,10,127,609,197,412,609,197,412,86,37,49
215,145,151,79,72,168,87,81,232,112,120,303,148,155,333,114,219
215,200,84,48,36,86,48,38,63,15,48,94,9,85,118,80,38
215,14,0,0,0,0,0,0,6,2,4,5,1,4,1,0,1
215,50,2,2,0,1,1,0,2,1,1,4,2,2,0,0,0
215,8,0,0,0,0,0,0,0,0,0,0,0,0,0,0,0
215,24,1,0,1,1,0,1,0,0,0,0,0,0,0,0,0
215,42,4,2,2,5,2,3,0,0,0,2,1,1,3,3,0
215,37,1048,486,562,1278,598,680,176,34,142,771,297,474,1388,647,741
215,220,2343,1042,1301,2714,1218,1496,10456,4607,5849,10729,4375,6354,8277,3473,4804
215,11,293,149,144,222,113,109,470,220,250,980,470,510,507,266,241
215,68,0,0,0,0,0,0,0,0,0,2,2,0,0,0,0
215,28,0,0,0,0,0,0,0,0,0,64,36,28,13,7,6
216,64,25,1,24,33,4,29,24,14,10,12,1,11,42,6,36
216,118,224,85,139,231,92,139,137,101,36,67,40,27,98,47,51
216,142,17,14,3,25,23,2,71,61,10,10,8,2,22,18,4
216,191,334,126,208,89,44,45,310,123,187,1125,507,618,1078,497,581
216,34,9,5,4,9,5,4,12,6,6,13,7,6,1,1,0
216,89,12,11,1,8,4,4,85,24,61,104,32,72,33,13,20
216,108,53895,24657,29238,53895,24656,29239,34765,20059,14706,34765,20060,14705,20219,12671,7548
216,112,15707,6891,8816,16791,7337,9454,10830,4564,6266,11464,4812,6652,3552,1487,2065
216,202,1470,442,1028,1241,311,930,448,247,201,424,198,226,17,14,3
216,212,5862,2788,3074,1347,654,693,134,2,132,371,110,261,78,19,59
216,223,26853,12243,14610,22333,10186,12147,3116,2526,590,3625,133,3492,5002,1273,3729
216,9,4401,1901,2500,2657,1185,1472,1018,158,860,333,35,298,988,368,620
216,13,592,61,531,83,28,55,174,119,55,316,22,294,156,10,146
216,55,338,89,249,337,89,248,691,206,485,1315,437,878,154,74,80
216,79,8423,3956,4467,8424,3956,4468,2932,1241,1691,2772,1174,1598,1767,728,1039
216,103,3100,109,2991,6692,3430,3262,17522,8161,9361,15742,7529,8213,4105,1455,2650
216,107,218,30,188,217,31,186,214,103,111,198,87,111,474,202,272
216,115,99,5,94,98,4,94,55,4,51,56,4,52,79,30,49
216,211,1436,418,1018,1446,417,1029,174,28,146,184,31,153,166,52,114
216,18,13813,6008,7805,13813,6007,7806,3248,1598,1650,3249,1598,1651,1988,908,1080
216,31,780,146,634,779,146,633,1296,357,939,1105,309,796,769,186,583
216,56,4100,2157,1943,4099,2156,1943,57508,33802,23706,51438,31850,19588,27869,20679,7190
216,95,8414,3193,5221,8413,3192,5221,4673,2085,2588,4672,2085,2587,5157,2671,2486
216,162,63425,29542,33883,54254,24829,29425,57540,25983,31557,49280,23898,25382,7675,1148,6527
216,167,79751,35447,44304,53983,23601,30382,34088,14920,19168,7297,7244,53,6613,4477,2136
216,169,978,178,800,1773,1118,655,733,273,460,1266,373,893,2970,1130,1840
216,170,183152,74597,108555,56765,13804,42961,247910,150791,97119,315712,181798,133914,291775,142681,149094
216,187,1420,346,1074,2529,718,1811,797,338,459,893,368,525,1743,770,973
216,59,45,18,27,45,18,27,2907,1691,1216,2906,1691,1215,772,205,567
216,68,9308,5464,3844,9298,5470,3828,453,387,66,654,534,120,1667,810,857
216,73,92,39,53,91,38,53,410,180,230,410,180,230,819,327,492
216,96,6,2,4,5,2,3,96,34,62,96,34,62,58,15,43
216,101,755,355,400,1264,634,630,1438,906,532,841,371,470,96,24,72
216,114,3295,1033,2262,3290,1030,2260,6012,3190,2822,7212,4129,3083,6440,3199,3241
216,120,17630,9244,8386,5547,2951,2596,1530,886,644,4046,2652,1394,2227,1222,1005
216,153,71,28,43,237,44,193,806,192,614,1343,315,1028,1773,521,1252
216,199,214,59,155,99,24,75,1318,367,951,1964,638,1326,2241,819,1422
216,218,4078,2078,2000,4201,2145,2056,4032,526,3506,5298,1189,4109,2572,841,1731
216,52,0,0,0,0,0,0,377,81,296,376,81,295,5,0,5
216,83,8093,2057,6036,8230,1982,6248,1686,171,1515,1685,171,1514,1010,718,292
216,104,6753,1052,5701,6752,1051,5701,104246,22985,81261,104246,22985,81261,6250,3106,3144
216,127,6,2,4,56,15,41,53,13,40,123,26,97,68,28,40
216,163,3703,3003,700,3983,3234,749,17433,9025,8408,12732,6083,6649,4004,1537,2467
216,178,23,1,22,25,1,24,2,1,1,3,1,2,7,3,4
216,182,838,141,697,358,38,320,18,16,2,30,6,24,30,7,23
216,188,104,17,87,106,17,89,585,168,417,615,137,478,265,121,144
216,193,630,287,343,1077,499,578,59047,29804,29243,18681,6000,12681,6419,4421,1998
216,204,4,1,3,4,2,2,1,1,0,2,1,1,4,2,2
216,12,581,230,351,581,230,351,671,108,563,671,108,563,1194,374,820
216,19,15,9,6,81,25,56,354,118,236,1151,407,744,1982,836,1146
216,74,255,1,254,254,0,254,3642,1175,2467,2661,702,1959,1199,343,856
216,80,69575,27553,42022,69574,27552,42022,48595,18211,30384,48594,18210,30384,8701,3411,5290
216,119,3,0,3,3,0,3,5,1,4,6,1,5,17,4,13
216,121,9,1,8,6,1,5,29,4,25,28,5,23,60,16,44
216,145,21,12,9,25,13,12,335,164,171,254,123,131,527,247,280
216,200,1516,485,1031,1529,495,1034,763,47,716,1452,292,1160,1098,624,474
216,14,0,0,0,0,0,0,9,2,7,8,2,6,1,0,1
216,53,331,140,191,331,140,191,9,3,6,61,13,48,64,17,47
216,62,14,4,10,13,3,10,38,16,22,38,16,22,4,1,3
216,50,33,10,23,17,5,12,41,15,26,75,26,49,6,1,5
216,133,29,7,22,43,14,29,21,18,3,30,4,26,123,68,55
216,148,16,6,10,5,3,2,4,4,0,4,2,2,5,2,3
216,157,28,17,11,34,20,14,143,134,9,157,145,12,74,61,13
216,8,2226,1100,1126,2227,1102,1125,2108,930,1178,2108,930,1178,588,288,300
216,24,57,17,40,57,18,39,8,5,3,8,4,4,16,4,12
216,42,61,32,29,61,33,28,29,8,21,30,8,22,65,31,34
216,46,5,1,4,6,2,4,9,2,7,23,12,11,15,7,8
216,63,17,8,9,16,7,9,30,16,14,79,31,48,125,53,72
216,160,21,8,13,26,9,17,30,10,20,17,7,10,18,7,11
216,225,3,1,2,4,3,1,9,4,5,10,5,5,12,3,9
216,37,242,15,227,1427,580,847,4748,1143,3605,8185,2814,5371,7691,3417,4274
216,220,56171,27723,28448,64771,32280,32491,15110,8142,6968,18668,6540,12128,36852,17386,19466
216,11,4276,1717,2559,900,287,613,840,530,310,670,550,120,847,375,472
216,147,83,40,43,487,224,263,287,138,149,159,76,83,139,66,73
216,137,0,0,0,0,0,0,0,0,0,135,88,47,6,4,2
216,28,0,0,0,0,0,0,0,0,0,727,311,416,148,63,85
217,64,35,12,23,48,11,37,100,74,26,49,19,30,125,30,95
217,118,347,200,147,375,231,144,351,279,72,211,155,56,313,209,104
217,191,66,19,47,34,9,25,14,6,8,54,27,27,41,21,20
217,130,8,6,2,8,5,3,2,1,1,2,1,1,2,1,1
217,161,143,72,71,211,104,107,24,13,11,10,7,3,6,3,3
217,97,2361,1266,1095,2361,1266,1095,1115,579,536,1115,579,536,446,232,214
217,194,196,160,36,198,113,85,403,123,280,829,427,402,27,19,8
217,15,588,277,311,593,269,324,1477,857,620,2234,1239,995,1622,875,747
217,55,16,9,7,15,8,7,32,19,13,61,36,25,7,5,2
217,100,40,15,25,42,28,14,68,52,16,11,7,4,23,12,11
217,107,49,41,8,49,42,7,112,83,29,105,76,29,250,179,71
217,111,1082,1078,4,3347,1868,1479,4436,2512,1924,7837,4173,3664,3556,183,3373
217,154,4768,2737,2031,2669,1874,795,2428,1659,769,1182,785,397,8230,4813,3417
217,165,4146,3382,764,3612,830,2782,20143,15994,4149,5508,3027,2481,2851,1833,1018
217,195,242,144,98,242,145,97,425,177,248,426,177,249,108,65,43
217,211,1655,869,786,1648,867,781,1,1,0,1,1,0,0,0,0
217,18,4,1,3,4,1,3,1,1,0,2,1,1,3,2,1
217,31,13,7,6,12,7,5,17,10,7,15,9,6,36,17,19
217,56,4,3,1,3,2,1,10,8,2,8,6,2,20,17,3
217,95,62,34,28,61,33,28,29,17,12,29,17,12,60,29,31
217,162,18,10,8,14,8,6,20,11,9,24,13,11,6,4,2
217,170,36,7,29,33,1,32,62,29,33,57,26,31,6,3,3
217,187,16,10,6,23,13,10,6,4,2,6,4,2,12,7,5
217,59,68,34,34,68,34,34,66,31,35,66,31,35,48,24,24
217,73,8,6,2,8,6,2,26,16,10,26,16,10,74,35,39
217,96,1,1,0,0,0,0,1,0,1,0,0,0,2,2,0
217,101,68,33,35,128,68,60,14,7,7,38,27,11,4,1,3
217,114,0,0,0,1,1,0,3,2,1,4,2,2,2,1,1
217,120,2,2,0,5,3,2,7,3,4,6,2,4,4,3,1
217,153,7,0,7,48,25,23,50,27,23,112,51,61,163,98,65
217,199,52,25,27,24,11,13,133,76,57,258,148,110,688,387,301
217,218,2211,1215,996,2261,1239,1022,2551,1437,1114,3185,1828,1357,1352,697,655
217,83,30,20,10,30,20,10,6,0,6,5,0,5,4,3,1
217,104,9,3,6,8,3,5,176,95,81,175,95,80,6,3,3
217,127,2,1,1,1,1,0,4,2,2,11,9,2,6,5,1
217,182,16,8,8,7,3,4,0,0,0,0,0,0,1,0,1
217,193,8,4,4,244,133,111,138,76,62,97,59,38,101,59,42
217,12,12,6,6,12,7,5,15,5,10,14,5,9,26,13,13
217,74,9,3,6,8,3,5,358,163,195,84,79,5,59,31,28
217,145,9,7,2,12,8,4,385,201,184,94,41,53,222,123,99
217,200,68,39,29,70,40,30,51,19,32,58,9,49,64,47,17
217,24,1,1,0,1,1,0,1,1,0,1,1,0,0,0,0
217,42,3,1,2,2,0,2,1,1,0,1,1,0,2,2,0
217,46,1,1,0,1,0,1,2,1,1,4,3,1,3,2,1
217,37,2604,1253,1351,2695,1298,1397,3885,2300,1585,4510,2640,1870,1753,946,807
217,220,2459,1562,897,2629,1674,955,1812,269,1543,1374,606,768,1805,870,935
217,11,444,233,211,385,202,183,1400,850,550,2440,1450,990,1901,845,1056
217,68,0,0,0,0,0,0,0,0,0,7,5,2,0,0,0
217,28,0,0,0,0,0,0,0,0,0,32,32,0,7,7,0
218,67,4,0,4,5,0,5,6,3,3,7,4,3,0,0,0
218,123,870,454,416,61,34,27,74,41,33,26,15,11,18,10,8
218,131,244,91,153,42,17,25,43,14,29,34,7,27,59,40,19
218,183,51,12,39,50,12,38,43,15,28,43,14,29,32,25,7
218,215,35,27,8,212,147,65,8,7,1,7,6,1,8,5,3
218,219,184,105,79,46,27,19,103,71,32,25,17,8,345,162,183
218,230,553,303,250,398,218,180,118,65,53,132,46,86,146,41,105
218,231,1004,574,430,5615,3199,2416,4353,2482,1871,7220,4117,3103,4614,2634,1980
218,2,630,421,209,630,421,209,328,145,183,327,144,183,15,6,9
218,64,478,318,160,274,207,67,438,309,129,217,68,149,550,77,473
218,118,1753,1021,732,1638,884,754,980,761,219,552,383,169,817,496,321
218,139,68,41,27,41,15,26,21,5,16,98,47,51,313,155,158
218,27,1255,926,329,1041,829,212,2607,191,2416,2620,194,2426,2044,80,1964
218,142,111,37,74,173,67,106,473,207,266,65,25,40,143,56,87
218,191,14619,1514,13105,18231,12652,5579,24508,11472,13036,88394,41643,46751,81632,39723,41909
218,34,8,5,3,7,4,3,11,5,6,10,4,6,2,1,1
218,81,97,47,50,115,14,101,440,262,178,394,242,152,209,110,99
218,117,27,26,1,30,25,5,600,233,367,269,219,50,172,77,95
218,172,12,2,10,13,2,11,41,26,15,42,27,15,10,4,6
218,184,16,16,0,15,15,0,13,10,3,4,4,0,2,2,0
218,202,162,36,126,174,60,114,126,69,57,117,55,62,77,40,37
218,43,912,524,388,912,523,389,745,711,34,743,710,33,1193,947,246
218,44,1374,858,516,1373,857,516,1339,575,764,1377,598,779,459,47,412
218,57,17,8,9,16,7,9,28,17,11,27,17,10,28,17,11
218,106,2448,874,1574,3869,1560,2309,1393,742,651,911,323,588,1085,544,541
218,136,6,5,1,8,6,2,18,7,11,25,15,10,7,5,2
218,166,296,244,52,570,443,127,772,623,149,1643,1235,408,784,425,359
218,30,35,13,22,35,12,23,43,30,13,43,30,13,43,30,13
218,35,70,49,21,69,48,21,40,27,13,40,27,13,10,7,3
218,98,7066,3680,3386,7066,3680,3386,10218,5562,4656,11307,5374,5933,2170,1302,868
218,124,497,317,180,911,549,362,1831,1209,622,2756,1866,890,424,371,53
218,161,11375,5279,6096,16200,7517,8683,15116,7183,7933,14270,6950,7320,65,33,32
218,203,15,10,5,23,13,10,892,608,284,962,661,301,854,590,264
218,226,974,501,473,2383,1355,1028,810,386,424,1876,1106,770,192,99,93
218,16,6966,5954,1012,6965,5953,1012,4316,3782,534,4316,3783,533,1817,1619,198
218,23,2,0,2,3,1,2,6,3,3,6,3,3,2,0,2
218,97,445,220,225,444,219,225,452,222,230,453,222,231,181,89,92
218,125,10,5,5,9,2,7,12,11,1,37,30,7,52,45,7
218,194,134,105,29,135,77,58,277,86,191,569,291,278,20,14,6
218,15,121,50,71,115,55,60,224,174,50,579,399,180,524,347,177
218,55,3749,1538,2211,3748,1538,2210,7675,3363,4312,14617,6803,7814,1703,990,713
218,103,2108,845,1263,1152,499,653,1375,601,774,1612,689,923,664,247,417
218,107,259,153,106,257,153,104,436,323,113,405,291,114,969,690,279
218,111,3102,879,2223,1341,462,879,202,77,125,1559,1077,482,1392,372,1020
218,115,117,60,57,116,59,57,96,43,53,97,44,53,48,44,4
218,154,928,570,358,530,205,325,597,471,126,59,32,27,5194,3573,1621
218,165,209,24,185,607,274,333,363,260,103,2338,2035,303,930,674,256
218,211,5546,2543,3003,5590,2551,3039,537,33,504,553,21,532,509,113,396
218,217,994,805,189,1356,1199,157,1194,677,517,11498,8103,3395,5341,3665,1676
218,18,69,0,69,69,0,69,18,7,11,19,7,12,20,7,13
218,31,633,348,285,632,348,284,841,486,355,749,433,316,2415,1301,1114
218,56,175,125,50,175,125,50,1682,1353,329,1486,1226,260,926,756,170
218,95,1570,930,640,1570,931,639,861,527,334,861,527,334,1597,814,783
218,162,540,330,210,461,279,182,16251,8457,7794,16847,8711,8136,1284,470,814
218,169,81,72,9,62,49,13,285,127,158,250,141,109,2173,1175,998
218,170,78,22,56,73,4,69,467,253,214,441,238,203,33,15,18
218,187,1392,722,670,1785,927,858,390,232,158,436,256,180,853,519,334
218,41,1008,473,535,3345,1563,1782,444,25,419,441,30,411,3409,1700,1709
218,59,2427,1652,775,2521,1646,875,1422,990,432,1516,985,531,1544,943,601
218,68,17,10,7,16,10,6,231,163,68,229,162,67,37,26,11
218,70,47,35,12,4,1,3,4,3,1,6,5,1,8,6,2
218,73,280,264,16,279,263,16,1231,901,330,1231,902,329,2139,1430,709
218,96,37,26,11,37,26,11,197,135,62,197,135,62,156,93,63
218,101,60502,31737,28765,7755,5955,1800,75840,42538,33302,41628,12121,29507,5369,940,4429
218,102,1965,1119,846,1967,1118,849,1758,1281,477,1321,977,344,1531,907,624
218,114,50,33,17,51,34,17,585,327,258,566,310,256,221,133,88
218,120,34,18,16,69,34,35,1978,1059,919,1677,846,831,600,347,253
218,153,894,509,385,691,673,18,282,268,14,2267,1669,598,2471,1867,604
218,199,2143,1341,802,986,597,389,2573,1943,630,3664,2576,1088,4111,2684,1427
218,4,68,41,27,68,40,28,178,97,81,40,21,19,137,65,72
218,52,30,17,13,37,11,26,248,138,110,247,138,109,4,1,3
218,82,291,146,145,291,147,144,855,455,400,855,455,400,356,222,134
218,83,10720,4652,6068,10334,4751,5583,2449,1309,1140,2449,1310,1139,794,591,203
218,104,13924,3508,10416,13924,3508,10416,16666,8058,8608,16665,8057,8608,1355,672,683
218,127,925,442,483,1055,568,487,692,447,245,1679,959,720,2362,1343,1019
218,163,1403,746,657,1740,926,814,4290,2228,2062,1916,1047,869,1583,434,1149
218,182,425,230,195,182,92,90,9,9,0,15,9,6,15,8,7
218,188,31,20,11,33,21,12,62,27,35,367,214,153,30,20,10
218,193,12786,6709,6077,44723,22796,21927,103459,53104,50355,96713,49479,47234,10323,7820,2503
218,12,778,468,310,777,468,309,897,400,497,897,400,497,1597,874,723
218,19,2533,1519,1014,1837,1181,656,1372,804,568,437,419,18,2420,1470,950
218,74,3308,652,2656,3308,653,2655,34540,20705,13835,27855,13046,14809,13998,6551,7447
218,80,3775,2215,1560,3774,2215,1559,5800,2719,3081,5801,2719,3082,3443,2040,1403
218,119,10,7,3,10,7,3,6,1,5,6,0,6,13,6,7
218,121,686,395,291,719,414,305,287,153,134,282,156,126,2230,1275,955
218,145,2859,1289,1570,4224,1993,2231,4165,2605,1560,218,28,190,2252,1284,968
218,200,4251,3188,1063,4349,3277,1072,4545,1874,2671,5238,765,4473,7163,5258,1905
218,6,62,17,45,61,17,44,49,16,33,33,12,21,29,10,19
218,7,97,51,46,97,52,45,59,28,31,59,29,30,59,28,31
218,14,130,38,92,129,37,92,67,49,18,67,49,18,154,83,71
218,17,274,153,121,273,152,121,580,309,271,566,303,263,120,52,68
218,25,54,30,24,54,29,25,10,6,4,119,54,65,6,5,1
218,29,77,38,39,77,39,38,86,47,39,86,48,38,86,47,39
218,38,547,304,243,547,304,243,85,70,15,89,72,17,25,15,10
218,53,26,17,9,27,18,9,0,0,0,5,2,3,5,3,2
218,61,74,38,36,58,32,26,84,42,42,97,52,45,90,47,43
218,62,65,37,28,64,37,27,124,104,20,129,107,22,25,13,12
218,86,56,25,31,55,24,31,63,27,36,62,27,35,15,5,10
218,105,183,78,105,183,78,105,130,46,84,130,45,85,104,51,53
218,129,34,8,26,34,7,27,6,0,6,7,1,6,5,1,4
218,138,27,16,11,35,16,19,3,1,2,3,1,2,5,3,2
218,164,20,10,10,21,10,11,82,38,44,119,58,61,3,2,1
218,174,142,68,74,204,100,104,123,61,62,46,23,23,52,24,28
218,176,37,20,17,29,11,18,15,8,7,18,7,11,14,9,5
218,186,0,0,0,0,0,0,25,13,12,25,13,12,3,2,1
218,209,199,101,98,132,113,19,153,78,75,45,44,1,82,62,20
218,213,70,39,31,70,44,26,12,8,4,12,8,4,6,5,1
218,20,9,9,0,9,9,0,30,18,12,29,17,12,56,33,23
218,50,112,65,47,58,32,26,137,83,54,252,148,104,21,11,10
218,65,29,20,9,29,19,10,5,2,3,4,2,2,4,3,1
218,88,23,16,7,24,16,8,26,23,3,26,23,3,29,20,9
218,94,3,2,1,1,1,0,1,0,1,2,1,1,2,2,0
218,133,785,329,456,918,404,514,501,103,398,322,113,209,19,12,7
218,148,9,6,3,11,8,3,14,9,5,4,3,1,5,4,1
218,157,5,2,3,15,10,5,670,434,236,718,469,249,300,193,107
218,8,207,17,190,206,15,191,519,234,285,519,233,286,3,1,2
218,24,39,26,13,32,21,11,63,29,34,62,28,34,127,67,60
218,28,342,220,122,343,220,123,462,264,198,398,223,175,1001,615,386
218,42,109,72,37,109,73,36,4682,2577,2105,4721,2573,2148,7112,1533,5579
218,46,18,10,8,17,9,8,22,9,13,151,93,58,82,51,31
218,63,88,47,41,88,47,41,161,96,65,428,214,214,674,349,325
218,71,24,9,15,64,45,19,54,44,10,148,76,72,74,36,38
218,91,80,44,36,79,43,36,100,56,44,100,57,43,84,46,38
218,159,29,18,11,29,17,12,10,5,5,9,5,4,5,3,2
218,160,151,85,66,175,94,81,206,111,95,119,66,53,124,69,55
218,222,34,23,11,34,22,12,158,48,110,109,41,68,116,37,79
218,225,120,38,82,126,46,80,44,3,41,43,0,43,81,31,50
218,22,136,117,19,157,123,34,1029,738,291,1040,734,306,53,22,31
218,37,47596,24535,23061,32353,17076,15277,49429,24166,25263,15831,7198,8633,63895,30643,33252
218,84,10,10,0,4,3,1,8,5,3,7,5,2,4,3,1
218,220,5605,3248,2357,32001,17227,14774,3294,1336,1958,12029,2176,9853,30193,17243,12950
218,11,10982,6617,4365,29989,15601,14388,11400,4030,7370,68340,37870,30470,102246,53470,48776
218,147,10229,5701,4528,6708,6418,290,21422,10257,11165,18043,8551,9492,14017,6533,7484
218,72,113,67,46,118,72,46,220,130,90,23,14,9,10,7,3
218,158,99,23,76,565,310,255,244,222,22,286,136,150,24,23,1
218,189,0,0,0,4,3,1,22,18,4,17,15,2,3,1,2
218,224,87,58,29,57,32,25,7,1,6,7,7,0,1,0,1
218,110,5,5,0,5,5,0,2,2,0,4,3,1,0,0,0
218,49,2,1,1,2,2,0,17,10,7,16,9,7,9,6,3
218,76,37,22,15,36,21,15,5,4,1,3,3,0,5,4,1
218,177,6,4,2,6,5,1,2,1,1,4,3,1,2,1,1
218,36,0,0,0,0,0,0,256,149,107,52,26,26,26,17,9
218,137,0,0,0,0,0,0,0,0,0,98,15,83,5,2,3
218,54,0,0,0,0,0,0,0,0,0,23,9,14,1,0,1
219,33,2132,1075,1057,4088,1995,2093,8040,3681,4359,9242,4236,5006,5034,2352,2682
219,47,1,1,0,2,1,1,7,3,4,7,3,4,1,0,1
219,67,78,36,42,79,37,42,71,39,32,71,39,32,9,8,1
219,109,6655,3055,3600,21830,13163,8667,9207,3873,5334,2962,2454,508,815,476,339
219,123,7397,3659,3738,398,194,204,484,232,252,174,86,88,113,54,59
219,140,1636,918,718,1135,559,576,820,291,529,841,379,462,285,118,167
219,171,8296,4163,4133,12645,6343,6302,6580,3297,3283,286,145,141,284,144,140
219,215,1073,826,247,6283,4776,1507,153,132,21,150,131,19,152,92,60
219,230,758,424,334,1850,1234,616,735,378,357,861,366,495,1425,704,721
219,64,30,28,2,19,19,0,20,17,3,10,7,3,26,15,11
219,118,128,120,8,121,113,8,31,25,6,20,15,5,29,21,8
219,27,283,138,145,361,179,182,562,282,280,567,284,283,734,360,374
219,116,16,8,8,19,9,10,1,1,0,1,1,0,2,1,1
219,142,71,29,42,111,53,58,302,152,150,42,19,23,92,43,49
219,191,1672,1136,536,2155,1442,713,894,519,375,2788,1820,968,2646,1736,910
219,81,0,0,0,1,1,0,3,2,1,3,3,0,1,0,1
219,55,15,6,9,15,7,8,31,15,16,58,28,30,7,4,3
219,211,76,68,8,78,69,9,6,5,1,6,5,1,3,3,0
219,31,1,1,0,1,1,0,2,2,0,2,2,0,0,0,0
219,56,2,1,1,2,1,1,7,5,2,5,4,1,1,0,1
219,95,6,2,4,6,2,4,9,6,3,8,5,3,3,1,2
219,162,11,8,3,8,7,1,9,2,7,11,3,8,4,2,2
219,170,39,7,32,35,1,34,3,2,1,1,1,0,4,2,2
219,59,177,65,112,176,64,112,110,36,74,109,35,74,55,21,34
219,73,30,17,13,29,17,12,151,94,57,151,95,56,198,104,94
219,96,1,0,1,0,0,0,6,2,4,5,2,3,10,5,5
219,101,43,18,25,80,36,44,10,5,5,25,17,8,3,1,2
219,114,0,0,0,0,0,0,0,0,0,1,1,0,1,1,0
219,153,102,44,58,157,65,92,146,43,103,191,103,88,78,37,41
219,199,124,58,66,58,26,32,227,98,129,343,180,163,306,172,134
219,218,967,327,640,1474,551,923,825,336,489,2735,1102,1633,4250,1818,2432
219,83,62,34,28,68,34,34,3,1,2,3,1,2,17,13,4
219,104,326,121,205,325,120,205,409,201,208,409,202,207,32,16,16
219,163,56,21,35,61,23,38,42,10,32,62,19,43,5,0,5
219,193,15,8,7,43,22,21,253,135,118,40,26,14,67,14,53
219,12,12,7,5,11,7,4,13,5,8,12,5,7,23,12,11
219,19,0,0,0,4,3,1,43,27,16,64,39,25,269,161,108
219,74,21,3,18,20,3,17,144,66,78,69,28,41,49,19,30
219,80,91,8,83,90,7,83,498,275,223,499,276,223,0,0,0
219,145,258,123,135,287,136,151,227,110,117,227,117,110,91,74,17
219,200,48,31,17,52,34,18,60,15,45,96,11,85,132,92,40
219,38,5,0,5,6,0,6,3,1,2,2,1,1,1,0,1
219,50,1,1,0,1,1,0,1,0,1,2,0,2,0,0,0
219,8,0,0,0,0,0,0,0,0,0,0,0,0,0,0,0
219,24,0,0,0,1,0,1,2,0,2,2,1,1,1,1,0
219,42,9,6,3,9,5,4,1,0,1,2,0,2,6,2,4
219,37,91,6,85,535,218,317,738,201,537,400,383,17,2273,1130,1143
219,220,2376,1254,1122,2731,1450,1281,10143,5323,4820,10407,5172,5235,13358,5758,7600
219,11,346,188,158,242,134,108,290,190,100,1510,770,740,600,289,311
219,158,2,1,1,10,4,6,6,4,2,6,4,2,4,2,2
219,68,0,0,0,0,0,0,0,0,0,4,3,1,0,0,0
219,28,0,0,0,0,0,0,0,0,0,87,51,36,18,11,7
220,131,7,1,6,11,5,6,1,1,0,3,1,2,6,4,2
220,215,17,13,4,519,286,233,7,6,1,6,5,1,6,3,3
220,219,219,125,94,55,32,23,122,70,52,30,17,13,141,42,99
220,230,1,1,0,2,1,1,200,105,95,287,156,131,411,183,228
220,39,207,180,27,148,129,19,196,170,26,7,6,1,80,70,10
220,48,8,3,5,24,13,11,30,11,19,72,42,30,41,22,19
220,77,33,17,16,57,31,26,25,14,11,40,22,18,32,17,15
220,2,1707,967,740,1708,968,740,448,220,228,447,219,228,21,10,11
220,64,1343,736,607,920,513,407,841,592,249,417,131,286,1056,146,910
220,118,6004,2997,3007,5789,2741,3048,1287,1014,273,753,542,211,1117,716,401
220,139,103,62,41,61,22,39,31,7,24,147,71,76,472,233,239
220,210,4,1,3,35,19,16,10,4,6,211,109,102,139,73,66
220,27,290,160,130,258,144,114,452,179,273,454,180,274,316,118,198
220,116,4,2,2,6,3,3,1,1,0,1,1,0,2,1,1
220,142,68,22,46,106,42,64,289,126,163,40,15,25,88,34,54
220,191,2152,932,1220,139,136,3,1375,515,860,4982,2155,2827,4775,2113,2662
220,198,169,69,100,34,17,17,44,12,32,38,7,31,28,9,19
220,34,44,26,18,43,25,18,32,10,22,31,10,21,13,6,7
220,81,44,21,23,52,5,47,198,114,84,177,105,72,94,48,46
220,89,84,77,7,53,24,29,565,181,384,694,240,454,221,92,129
220,90,57,26,31,56,26,30,10,5,5,10,4,6,18,6,12
220,117,68,66,2,80,67,13,1601,513,1088,785,534,251,15,12,3
220,126,9,5,4,19,10,9,684,362,322,695,367,328,126,65,61
220,130,10,8,2,11,7,4,4,2,2,2,1,1,2,1,1
220,181,30,13,17,66,44,22,46,31,15,80,53,27,21,11,10
220,184,13,13,0,13,13,0,11,9,2,3,3,0,2,2,0
220,206,0,0,0,0,0,0,0,0,0,19,8,11,0,0,0
220,202,79,10,69,61,7,54,53,32,21,52,23,29,5,4,1
220,43,1162,571,591,1162,571,591,2205,2098,107,2205,2098,107,3509,2710,799
220,44,3099,1746,1353,3098,1746,1352,426,286,140,394,268,126,432,79,353
220,57,11,11,0,12,11,1,143,79,64,142,79,63,94,53,41
220,106,5417,1470,3947,1659,296,1363,2930,1044,1886,2878,1020,1858,424,378,46
220,136,25,20,5,29,22,7,146,73,73,199,123,76,63,24,39
220,166,4379,2043,2336,9500,5293,4207,12248,9848,2400,20538,18753,1785,28976,6885,22091
220,30,16,11,5,15,11,4,3,2,1,3,2,1,3,2,1
220,35,148,84,64,147,84,63,85,45,40,85,45,40,21,11,10
220,98,2959,1371,1588,2959,1371,1588,3827,2368,1459,4255,2321,1934,837,533,304
220,161,5845,2370,3475,12386,5819,6567,1274,716,558,692,190,502,549,309,240
220,185,526,279,247,909,456,453,4482,2265,2217,5004,2551,2453,2817,1450,1367
220,203,1102,775,327,1669,1162,507,472,329,143,189,106,83,257,159,98
220,205,2,1,1,2,1,1,8,2,6,5,2,3,1,0,1
220,226,322,183,139,774,471,303,453,296,157,813,428,385,539,302,237
220,16,1526,1152,374,1525,1151,374,5950,5268,682,5950,5268,682,2498,2246,252
220,23,11,6,5,11,6,5,22,11,11,22,11,11,7,4,3
220,97,1159,535,624,1160,536,624,253,128,125,254,129,125,101,51,50
220,125,4,3,1,4,1,3,16,12,4,25,18,7,22,18,4
220,194,69,55,14,71,41,30,144,46,98,296,153,143,10,7,3
220,15,45,27,18,47,26,21,226,147,79,398,264,134,49,38,11
220,55,328,140,188,327,140,187,670,304,366,1277,615,662,149,88,61
220,103,8501,3727,4774,5363,2517,2846,7226,3426,3800,8058,3754,4304,2402,952,1450
220,107,742,520,222,743,527,216,1411,1035,376,1312,934,378,3136,2213,923
220,111,558,266,292,317,300,17,205,95,110,897,562,335,1094,485,609
220,115,335,205,130,334,205,129,313,139,174,314,140,174,143,136,7
220,165,70,66,4,60,31,29,330,228,102,1263,1079,184,132,76,56
220,195,192,113,79,192,114,78,74,64,10,74,65,9,78,46,32
220,211,609,371,238,622,354,268,385,80,305,397,76,321,277,37,240
220,217,965,706,259,1219,873,346,679,333,346,6820,4828,1992,161,155,6
220,18,24,7,17,24,8,16,4,3,1,4,2,2,5,4,1
220,31,213,109,104,213,109,104,302,166,136,265,145,120,996,523,473
220,56,258,162,96,258,162,96,1253,833,420,1065,751,314,2347,1224,1123
220,95,1011,596,415,1010,595,415,1170,643,527,1170,643,527,363,237,126
220,162,1849,887,962,1580,745,835,2233,1500,733,2597,1626,971,508,165,343
220,169,350,165,185,293,97,196,612,277,335,514,355,159,124,60,64
220,170,172,73,99,166,15,151,832,456,376,755,414,341,86,37,49
220,187,453,236,217,659,327,332,171,95,76,191,105,86,373,211,162
220,216,108,11,97,86,9,77,271,145,126,132,70,62,9,7,2
220,59,1093,659,434,1092,658,434,1310,660,650,1309,660,649,1152,584,568
220,68,50,25,25,50,25,25,218,146,72,215,143,72,45,28,17
220,70,7,3,4,4,3,1,5,2,3,8,3,5,6,2,4
220,73,249,99,150,250,99,151,916,533,383,915,533,382,1546,761,785
220,96,113,80,33,202,105,97,214,135,79,283,140,143,179,111,68
220,101,3314,1796,1518,3617,1964,1653,8985,4609,4376,4833,942,3891,647,78,569
220,102,32,19,13,32,18,14,45,12,33,42,11,31,11,5,6
220,114,156,93,63,156,93,63,124,67,57,109,53,56,115,65,50
220,120,140,61,79,284,118,166,102,6,96,217,78,139,110,61,49
220,153,420,206,214,451,68,383,449,170,279,1539,824,715,1415,819,596
220,199,2114,1074,1040,974,469,505,1109,731,378,1657,782,875,2832,1535,1297
220,218,4453,348,4105,6914,1355,5559,11140,3525,7615,24518,10584,13934,23307,9176,14131
220,1,244,152,92,243,152,91,545,234,311,545,342,203,220,137,83
220,4,5,3,2,6,3,3,12,6,6,1,0,1,5,2,3
220,52,119,25,94,233,55,178,386,219,167,385,218,167,10,2,8
220,83,10495,6347,4148,9956,6374,3582,197,12,185,282,4,278,1005,753,252
220,104,18543,6120,12423,18462,6133,12329,13734,6571,7163,13733,6571,7162,1099,545,554
220,127,142,72,70,77,60,17,54,45,9,112,42,70,204,135,69
220,163,769,409,360,1022,542,480,45,13,32,1166,571,595,599,146,453
220,182,846,432,414,361,171,190,18,17,1,30,16,14,30,16,14
220,188,170,50,120,169,54,115,219,115,104,108,83,25,89,54,35
220,193,2287,1253,1034,8513,4404,4109,7504,3800,3704,4748,2092,2656,4586,1469,3117
220,12,781,444,337,780,443,337,901,360,541,901,361,540,1603,816,787
220,19,306,246,60,235,103,132,586,345,241,345,171,174,1576,764,812
220,74,1302,195,1107,1301,194,1107,5012,3541,1471,4194,1117,3077,4071,1596,2475
220,80,5002,2476,2526,5001,2475,2526,11577,6226,5351,11576,6226,5350,4584,2525,2059
220,119,20,10,10,20,10,10,31,18,13,33,19,14,7,1,6
220,121,32,15,17,101,50,51,129,43,86,118,37,81,380,229,151
220,145,2977,1371,1606,3550,1637,1913,2429,1109,1320,1753,861,892,2917,1205,1712
220,200,3061,2030,1031,3144,2105,1039,3275,1051,2224,3835,20,3815,5716,4047,1669
220,6,95,23,72,94,22,72,62,19,43,42,13,29,37,11,26
220,7,425,225,200,424,225,199,156,77,79,156,77,79,157,78,79
220,10,128,78,50,128,78,50,43,34,9,56,40,16,30,15,15
220,14,233,140,93,134,70,64,2287,1125,1162,2332,1137,1195,745,329,416
220,17,101,56,45,102,56,46,168,80,88,162,77,85,49,22,27
220,25,376,198,178,376,198,178,72,38,34,653,278,375,71,47,24
220,29,118,45,73,118,46,72,132,59,73,132,60,72,132,59,73
220,38,111,51,60,86,59,27,405,197,208,406,204,202,33,20,13
220,53,287,159,128,287,158,129,3,0,3,53,21,32,56,24,32
220,61,73,45,28,57,36,21,83,50,33,95,60,35,89,55,34
220,62,1009,440,569,1009,440,569,6725,3501,3224,6599,3436,3163,1357,703,654
220,86,66,29,37,66,29,37,75,33,42,74,32,42,18,6,12
220,92,284,165,119,284,165,119,391,224,167,390,223,167,372,212,160
220,105,1040,557,483,1053,561,492,175,63,112,164,65,99,136,70,66
220,138,35,18,17,34,18,16,5,2,3,6,3,3,6,3,3
220,164,2943,541,2402,3498,786,2712,9975,4913,5062,38135,18998,19137,20667,10061,10606
220,174,96,52,44,139,75,64,84,46,38,32,18,14,36,19,17
220,176,12,7,5,15,10,5,7,1,6,6,1,5,7,6,1
220,186,0,0,0,0,0,0,150,68,82,150,67,83,12,5,7
220,209,225,114,111,1296,740,556,256,130,126,1840,925,915,201,149,52
220,213,111,65,46,111,64,47,19,11,8,20,12,8,12,8,4
220,221,719,362,357,747,371,376,569,165,404,570,164,406,10,2,8
220,20,7,5,2,6,4,2,780,404,376,780,404,376,562,283,279
220,50,1285,636,649,2366,1348,1018,3335,1956,1379,6148,3523,2625,502,258,244
220,65,1727,872,855,1703,878,825,268,134,134,305,146,159,221,114,107
220,88,825,321,504,827,322,505,1017,737,280,1041,731,310,1129,675,454
220,94,1185,605,580,1184,604,580,115,25,90,95,36,59,130,80,50
220,133,74242,37738,36504,85927,44370,41557,161654,83284,78370,221865,114172,107693,134610,66917,67693
220,148,769,391,378,136,95,41,129,104,25,213,125,88,308,157,151
220,157,816,444,372,1078,591,487,3172,1888,1284,3572,2178,1394,2084,1230,854
220,8,314,77,237,314,77,237,2457,1228,1229,2457,1228,1229,685,372,313
220,24,307,188,119,271,167,104,279,141,138,271,137,134,690,359,331
220,28,1088,880,208,1087,880,207,4798,2698,2100,4529,2533,1996,4760,2741,2019
220,42,1117,655,462,1117,655,462,1511,462,1049,1471,461,1010,3156,1536,1620
220,46,795,444,351,795,445,350,155,56,99,2562,1510,1052,1254,746,508
220,63,1259,785,474,1258,785,473,2006,1188,818,5308,2632,2676,8376,4307,4069
220,71,5,4,1,1,1,0,9,5,4,13,11,2,2,1,1
220,91,174,94,80,173,94,79,220,123,97,219,123,96,184,101,83
220,159,102,62,40,97,55,42,85,45,40,81,45,36,39,21,18
220,160,899,511,388,1037,562,475,1220,664,556,707,395,312,738,411,327
220,222,489,287,202,331,190,141,545,276,269,967,480,487,636,313,323
220,225,714,301,413,766,344,422,286,99,187,276,93,183,521,189,332
220,22,64,25,39,63,24,39,107,64,43,109,65,44,46,27,19
220,37,5569,2139,3430,11385,4984,6401,17386,3976,13410,33805,12025,21780,36109,16281,19828
220,84,11,7,4,0,0,0,9,5,4,3,0,3,8,5,3
220,175,15,15,0,13,12,1,24,12,12,9,8,1,4,3,1
220,11,1659,1259,400,4486,1239,3247,10830,5120,5710,14780,7230,7550,25313,12483,12830
220,147,3004,1473,1531,1675,529,1146,3988,1926,2062,2822,1352,1470,2506,1194,1312
220,158,161,94,67,286,118,168,10,5,5,130,101,29,12,11,1
220,189,1,1,0,6,4,2,51,28,23,46,27,19,2,1,1
220,87,4447,3087,1360,4448,3088,1360,1266,821,445,1266,821,445,165,79,86
220,110,11,4,7,12,5,7,3,2,1,3,2,1,4,3,1
220,128,83,37,46,140,79,61,197,133,64,293,178,115,84,50,34
220,134,24,1,23,35,25,10,14,10,4,7,4,3,4,2,2
220,152,327,195,132,421,215,206,120,59,61,558,360,198,146,79,67
220,156,220,107,113,79,30,49,139,134,5,18,17,1,8,8,0
220,3,34,3,31,34,3,31,512,300,212,513,300,213,37,22,15
220,49,1,1,0,0,0,0,6,3,3,5,2,3,3,2,1
220,76,36,16,20,29,12,17,20,12,8,16,3,13,22,12,10
220,151,3,2,1,4,3,1,1,1,0,1,1,0,1,1,0
220,177,99,47,52,98,46,52,27,15,12,55,29,26,14,9,5
220,214,11,9,2,6,5,1,7,6,1,6,5,1,2,1,1
220,36,0,0,0,0,0,0,823,418,405,168,71,97,88,57,31
220,137,0,0,0,0,0,0,0,0,0,302,64,238,15,5,10
220,54,0,0,0,0,0,0,0,0,0,304,158,146,26,14,12
221,34,10,6,4,9,5,4,15,7,8,14,7,7,3,2,1
221,202,7,3,4,4,2,2,2,1,1,1,1,0,2,1,1
221,218,64,28,36,67,30,37,22,9,13,10,3,7,14,7,7
221,83,6,3,3,5,2,3,7,1,6,8,2,6,0,0,0
221,74,0,0,0,0,0,0,22,15,7,22,15,7,0,0,0
221,6,69,21,48,69,21,48,50,17,33,33,12,21,30,11,19
221,7,145,71,74,144,70,74,43,21,22,42,20,22,42,20,22
221,25,56,25,31,56,25,31,10,5,5,174,79,95,0,0,0
221,62,52,28,24,52,28,24,248,154,94,250,156,94,4,2,2
221,85,314,313,1,314,313,1,30,30,0,31,31,0,8,8,0
221,164,3,3,0,6,3,3,205,97,108,297,144,153,10,6,4
221,173,85,41,44,133,65,68,67,33,34,46,23,23,17,9,8
221,174,2,1,1,5,2,3,2,0,2,1,0,1,1,1,0
221,186,0,0,0,0,0,0,33,17,16,34,17,17,3,2,1
221,50,2,1,1,1,0,1,2,1,1,4,2,2,0,0,0
221,42,0,0,0,0,0,0,0,0,0,0,0,0,1,1,0
221,37,0,0,0,1,0,1,10,3,7,13,4,9,7,3,4
221,54,0,0,0,0,0,0,0,0,0,26,7,19,2,1,1
222,191,42,25,17,21,13,8,9,7,2,34,24,10,26,19,7
222,136,1,0,1,1,0,1,4,2,2,2,1,1,0,0,0
222,55,1,0,1,0,0,0,1,0,1,2,0,2,0,0,0
222,103,621,255,366,344,154,190,417,191,226,487,218,269,194,73,121
222,211,15,8,7,16,8,8,1,0,1,1,0,1,0,0,0
222,18,6,1,5,7,2,5,1,0,1,1,0,1,2,0,2
222,31,3,2,1,3,2,1,4,3,1,4,3,1,4,2,2
222,56,4,3,1,4,3,1,2,0,2,4,2,2,11,9,2
222,95,7,4,3,7,3,4,11,5,6,11,5,6,7,1,6
222,162,3,1,2,1,1,0,42,22,20,45,22,23,3,1,2
222,170,19,11,8,4,3,1,188,96,92,194,100,94,3,1,2
222,59,20,11,9,20,12,8,9,4,5,8,3,5,19,8,11
222,73,5,4,1,4,4,0,21,13,8,20,12,8,38,15,23
222,96,2,1,1,1,1,0,1,1,0,1,1,0,0,0,0
222,101,19,8,11,35,16,19,4,2,2,11,8,3,1,0,1
222,114,1,1,0,1,0,1,2,0,2,1,0,1,1,1,0
222,120,3,1,2,6,2,4,5,3,2,2,1,1,4,2,2
222,153,12,6,6,18,8,10,8,7,1,33,16,17,47,27,20
222,199,327,164,163,151,72,79,85,28,57,65,45,20,38,6,32
222,218,396,168,228,405,170,235,144,80,64,232,126,106,161,66,95
222,4,2,1,1,1,1,0,28,15,13,17,10,7,26,14,12
222,83,31,4,27,32,3,29,10,4,6,10,4,6,4,3,1
222,104,959,337,622,959,337,622,2452,1181,1271,2451,1180,1271,151,75,76
222,163,45,23,22,50,25,25,47,44,3,33,25,8,20,11,9
222,193,1769,964,805,7229,3803,3426,45734,23755,21979,19154,9703,9451,11036,6475,4561
222,12,20,11,9,20,11,9,23,8,15,23,8,15,41,19,22
222,19,0,0,0,2,1,1,21,9,12,8,5,3,37,22,15
222,74,67,12,55,66,12,54,84,29,55,138,29,109,184,77,107
222,80,62,55,7,61,55,6,1282,586,696,1282,587,695,114,52,62
222,145,133,68,65,148,74,74,43,18,25,13,1,12,39,22,17
222,200,110,77,33,115,80,35,125,41,84,168,8,160,254,178,76
222,14,0,0,0,0,0,0,7,4,3,7,5,2,1,0,1
222,62,180,48,132,180,48,132,902,336,566,910,339,571,10,5,5
222,92,51,23,28,51,24,27,70,31,39,69,31,38,66,29,37
222,50,56,31,25,43,19,24,82,44,38,152,79,73,12,5,7
222,65,26,16,10,27,16,11,3,3,0,2,2,0,3,2,1
222,88,9,3,6,11,4,7,17,13,4,16,13,3,18,12,6
222,94,2,1,1,1,1,0,1,1,0,1,0,1,1,1,0
222,133,393,174,219,460,212,248,87,85,2,322,210,112,576,308,268
222,148,2,1,1,12,5,7,13,4,9,2,1,1,2,1,1
222,157,52,31,21,65,37,28,181,106,75,203,122,81,114,66,48
222,8,11540,5420,6120,11539,5418,6121,1936,665,1271,1936,665,1271,17710,8348,9362
222,24,28,20,8,23,17,6,18,5,13,18,5,13,72,43,29
222,28,718,148,570,718,148,570,304,273,31,655,468,187,4868,2499,2369
222,42,423,219,204,422,219,203,423,108,315,423,107,316,896,401,495
222,46,14,8,6,14,8,6,10,1,9,52,39,13,29,20,9
222,63,39,24,15,39,25,14,71,48,23,190,115,75,299,185,114
222,159,48,29,19,28,14,14,157,89,68,149,87,62,72,42,30
222,160,55,33,22,65,37,28,76,44,32,44,27,17,45,27,18
222,225,712,375,337,672,358,314,20,10,10,27,13,14,150,51,99
222,37,537,247,290,670,313,357,40,21,19,418,213,205,787,379,408
222,220,1677,825,852,2595,1270,1325,11862,5399,6463,12316,2314,10002,1552,682,870
222,11,429,271,158,796,400,396,210,40,170,130,70,60,490,215,275
222,68,0,0,0,0,0,0,0,0,0,4,2,2,0,0,0
223,64,5,4,1,2,2,0,16,14,2,8,6,2,20,12,8
223,118,24,19,5,28,24,4,38,33,5,29,26,3,42,37,5
223,108,18153,9125,9028,18165,9125,9040,48314,27225,21089,48325,27228,21097,16851,11004,5847
223,112,1461,471,990,1725,587,1138,2316,1087,1229,2512,1174,1338,1219,565,654
223,202,6019,2309,3710,4858,1702,3156,795,539,256,726,277,449,96,79,17
223,212,6167,2437,3730,23821,11115,12706,2384,16,2368,6515,1805,4710,1416,363,1053
223,166,1793,1381,412,2375,1855,520,5613,4170,1443,9501,6967,2534,30550,18623,11927
223,0,191,108,83,190,107,83,224,126,98,223,126,97,448,359,89
223,9,70,52,18,115,55,60,452,114,338,147,29,118,325,113,212
223,13,2841,565,2276,316,79,237,1048,810,238,1648,389,1259,823,193,630
223,55,8,3,5,7,3,4,16,7,9,29,13,16,3,1,2
223,79,736,270,466,737,270,467,205,90,115,155,67,88,606,277,329
223,103,524,249,275,1719,909,810,4049,2003,2046,3741,1885,1856,678,258,420
223,211,2640,1240,1400,2743,1299,1444,240,29,211,252,29,223,202,36,166
223,18,929,399,530,881,388,493,236,117,119,189,91,98,131,60,71
223,31,139,48,91,139,48,91,186,71,115,166,64,102,100,56,44
223,56,22,11,11,22,11,11,1114,847,267,1016,789,227,537,421,116
223,95,11,5,6,12,6,6,19,9,10,19,9,10,9,1,8
223,162,73,31,42,61,26,35,68,18,50,83,22,61,19,2,17
223,167,1309,576,733,883,389,494,546,162,384,273,197,76,109,74,35
223,170,27976,21183,6793,15035,4744,10291,116719,69322,47397,95294,58666,36628,21468,8551,12917
223,187,8,5,3,13,5,8,4,2,2,4,2,2,9,4,5
223,216,58481,33380,25101,60807,34477,26330,21677,10572,11105,10527,5066,5461,733,518,215
223,59,3,1,2,2,0,2,105,52,53,104,52,52,29,12,17
223,68,766,502,264,766,501,265,51,21,30,41,14,27,84,39,45
223,73,6,3,3,5,2,3,39,19,20,39,20,19,56,29,27
223,96,0,0,0,0,0,0,2,1,1,1,0,1,5,2,3
223,101,31,12,19,59,27,32,6,3,3,18,13,5,2,0,2
223,114,1305,612,693,1305,612,693,278,121,157,345,173,172,371,181,190
223,120,2120,1083,1037,451,234,217,146,81,65,347,221,126,174,93,81
223,153,7,3,4,26,12,14,81,32,49,192,93,99,174,70,104
223,199,23,8,15,11,3,8,809,394,415,1421,725,696,1170,627,543
223,218,214,90,124,219,90,129,962,471,491,1082,535,547,314,132,182
223,83,1915,830,1085,1968,825,1143,1611,620,991,1610,619,991,362,271,91
223,104,485,4,481,485,4,481,674,204,470,674,205,469,74,37,37
223,127,2,1,1,1,0,1,4,1,3,5,0,5,4,2,2
223,163,6,6,0,7,5,2,414,287,127,344,238,106,75,42,33
223,182,52,5,47,23,1,22,1,1,0,1,0,1,2,0,2
223,188,2,2,0,3,1,2,3,1,2,25,5,20,5,0,5
223,193,14,6,8,458,207,251,259,118,141,267,114,153,135,8,127
223,12,54,29,25,53,28,25,62,21,41,61,21,40,109,50,59
223,19,7,3,4,9,4,5,758,322,436,705,340,365,29,12,17
223,74,10,1,9,9,1,8,406,85,321,292,200,92,83,32,51
223,80,6165,2554,3611,6164,2553,3611,12835,6006,6829,12835,6006,6829,1408,639,769
223,145,2315,1167,1148,2556,1284,1272,6226,3258,2968,2257,1165,1092,840,427,413
223,200,177,76,101,178,76,102,84,17,67,112,8,104,110,70,40
223,50,0,0,0,0,0,0,0,0,0,0,0,0,0,0,0
223,24,3,1,2,2,1,1,0,0,0,1,0,1,1,1,0
223,42,18,12,6,18,12,6,1,0,1,1,0,1,3,2,1
223,37,8,1,7,40,16,24,1558,787,771,1741,882,859,565,280,285
223,220,3820,1946,1874,4576,2348,2228,2544,1327,1217,2859,1184,1675,8311,4023,4288
223,11,138,63,75,117,54,63,290,130,160,490,220,270,345,104,241
223,28,0,0,0,0,0,0,0,0,0,26,1,25,5,0,5
224,31,0,0,0,0,0,0,1,0,1,0,0,0,15,12,3
224,56,1,0,1,1,1,0,1,1,0,1,1,0,1,1,0
224,59,0,0,0,0,0,0,2,1,1,1,1,0,2,1,1
224,73,0,0,0,0,0,0,1,1,0,0,0,0,0,0,0
224,101,1,1,0,1,0,1,0,0,0,1,1,0,0,0,0
224,218,51,20,31,54,21,33,9,6,3,20,11,9,18,8,10
224,83,1,1,0,1,1,0,34,32,2,34,33,1,2,2,0
224,104,1,0,1,1,0,1,10,2,8,10,3,7,0,0,0
224,12,1,0,1,0,0,0,1,0,1,0,0,0,1,1,0
224,74,5,0,5,4,0,4,542,257,285,200,97,103,56,15,41
224,8,0,0,0,0,0,0,5,5,0,5,5,0,0,0,0
224,24,1,1,0,1,1,0,0,0,0,0,0,0,0,0,0
224,42,0,0,0,0,0,0,0,0,0,2,1,1,1,1,0
224,46,5,2,3,5,2,3,8,3,5,22,13,9,14,8,6
224,37,3,2,1,3,2,1,10,5,5,10,5,5,0,0,0
224,11,144,76,68,85,49,36,100,40,60,110,50,60,272,138,134
224,72,3,3,0,0,0,0,0,0,0,12,7,5,5,3,2
224,146,501,249,252,502,249,253,271,153,118,271,153,118,240,133,107
224,158,9,3,6,39,9,30,4,2,2,18,7,11,3,2,1
224,189,0,0,0,0,0,0,29,18,11,33,19,14,5,2,3
224,76,18,8,10,15,6,9,10,7,3,8,2,6,12,7,5
224,177,6,5,1,7,5,2,2,2,0,3,2,1,8,4,4
224,227,13,6,7,16,7,9,13,7,6,14,7,7,39,21,18
225,64,1,0,1,0,0,0,5,3,2,2,0,2,8,1,7
225,191,112,36,76,59,16,43,24,11,13,89,45,44,67,35,32
225,55,7,3,4,6,2,4,13,5,8,26,11,15,3,2,1
225,103,16,12,4,50,24,26,109,50,59,103,47,56,11,4,7
225,107,9,3,6,8,2,6,17,12,5,15,10,5,37,25,12
225,211,13,6,7,15,7,8,1,0,1,1,0,1,0,0,0
225,31,6,3,3,5,2,3,7,3,4,6,3,3,8,2,6
225,56,6,4,2,6,4,2,33,17,16,29,17,12,39,14,25
225,95,19,12,7,19,11,8,31,18,13,31,19,12,25,12,13
225,162,10,6,4,8,5,3,26,19,7,26,20,6,3,3,0
225,169,2,1,1,2,0,2,1,0,1,1,0,1,26,9,17
225,170,13,9,4,11,2,9,135,73,62,138,74,64,2,1,1
225,59,101,36,65,100,36,64,109,45,64,108,44,64,100,38,62
225,73,7,4,3,6,4,2,43,23,20,42,23,19,103,57,46
225,96,3,1,2,3,1,2,13,5,8,12,5,7,6,2,4
225,101,43,18,25,81,38,43,11,6,5,24,17,7,3,1,2
225,114,3,2,1,3,1,2,11,7,4,12,8,4,6,3,3
225,153,53,18,35,45,14,31,83,28,55,370,178,192,436,198,238
225,199,66,31,35,31,14,17,136,57,79,280,133,147,271,140,131
225,218,1627,693,934,1664,706,958,2207,1030,1177,2701,1287,1414,1080,428,652
225,52,13,6,7,11,5,6,16,7,9,15,6,9,0,0,0
225,83,131,57,74,143,54,89,95,35,60,95,35,60,47,35,12
225,104,512,260,252,513,260,253,20055,9207,10848,20159,9209,10950,1008,500,508
225,163,3261,1475,1786,4002,1865,2137,1522,691,831,2421,1148,1273,2081,460,1621
225,182,23,12,11,11,5,6,0,0,0,0,0,0,1,0,1
225,188,4,2,2,6,3,3,12,8,4,17,6,11,14,4,10
225,193,6235,2999,3236,22883,11683,11200,47120,21124,25996,39119,18128,20991,4108,170,3938
225,12,65,31,34,64,31,33,75,21,54,74,21,53,133,55,78
225,19,1,1,0,6,1,5,124,47,77,72,25,47,177,98,79
225,74,105,10,95,105,10,95,2030,1058,972,733,184,549,479,171,308
225,80,644,100,544,644,101,543,2924,1389,1535,2923,1389,1534,303,130,173
225,121,2,0,2,1,1,0,3,0,3,2,0,2,8,3,5
225,145,300,115,185,362,138,224,762,293,469,435,175,260,545,256,289
225,200,437,235,202,447,243,204,332,78,254,500,54,446,594,395,199
225,7,11,5,6,10,5,5,3,2,1,2,1,1,2,1,1
225,10,856,446,410,856,447,409,218,50,168,157,18,139,168,84,84
225,14,4,2,2,4,2,2,2,0,2,2,0,2,2,0,2
225,25,493,218,275,494,218,276,94,42,52,1113,482,631,58,28,30
225,38,13,7,6,14,7,7,2,1,1,2,1,1,1,0,1
225,53,104,60,44,105,61,44,3,1,2,19,8,11,20,9,11
225,61,3,0,3,3,1,2,4,1,3,5,0,5,4,0,4
225,62,1576,676,900,1575,676,899,6087,3231,2856,6167,3272,2895,285,140,145
225,85,132,126,6,133,127,6,14,13,1,15,13,2,4,4,0
225,92,444,256,188,443,255,188,610,346,264,609,345,264,582,328,254
225,164,353,169,184,357,169,188,224,103,121,51,34,17,155,68,87
225,174,8,4,4,14,6,8,8,4,4,3,1,2,3,2,1
225,186,0,0,0,0,0,0,20,11,9,20,10,10,1,0,1
225,209,124,51,73,200,97,103,103,40,63,156,89,67,60,42,18
225,50,196,102,94,220,95,125,364,185,179,670,329,341,55,23,32
225,65,39,15,24,40,15,25,27,14,13,26,13,13,10,5,5
225,88,31,20,11,31,20,11,36,19,17,35,18,17,37,20,17
225,94,3,2,1,3,2,1,2,1,1,0,0,0,2,1,1
225,133,734,338,396,830,387,443,3502,1534,1968,4260,1876,2384,5173,2408,2765
225,148,30,15,15,9,8,1,14,9,5,9,5,4,11,6,5
225,157,228,114,114,274,135,139,3603,1824,1779,3823,1970,1853,1468,736,732
225,8,309,181,128,310,182,128,682,299,383,682,299,383,4,1,3
225,24,89,43,46,85,42,43,61,50,11,60,49,11,109,59,50
225,28,474,262,212,473,262,211,357,190,167,320,170,150,581,298,283
225,42,799,398,401,896,406,490,765,150,615,765,149,616,1620,650,970
225,46,2039,1100,939,2038,1099,939,449,193,256,6374,3570,2804,3103,1754,1349
225,63,571,227,344,571,228,343,666,360,306,1763,762,1001,2781,1259,1522
225,91,290,150,140,289,150,139,367,194,173,367,195,172,308,159,149
225,160,295,156,139,341,170,171,401,201,200,232,121,111,242,125,117
225,222,60,45,15,54,41,13,72,38,34,64,34,30,60,30,30
225,37,2243,1074,1169,2376,1139,1237,4476,1991,2485,5222,2357,2865,2076,956,1120
225,220,30962,12394,18568,33950,13707,20243,31614,12913,18701,33315,11497,21818,25211,9436,15775
225,11,309,153,156,255,129,126,430,170,260,1760,900,860,1535,801,734
225,68,0,0,0,0,0,0,0,0,0,8,5,3,1,1,0
225,54,0,0,0,0,0,0,0,0,0,1645,689,956,142,61,81
226,191,59,10,49,30,3,27,13,5,8,48,19,29,36,16,20
226,112,94,20,74,97,21,76,29,19,10,30,20,10,15,10,5
226,43,1086,483,603,1086,482,604,2291,2190,101,2289,2189,100,3682,2934,748
226,44,850,330,520,849,330,519,829,60,769,852,69,783,604,189,415
226,57,21,19,2,22,20,2,17,8,9,18,9,9,69,40,29
226,106,2989,1251,1738,7685,3385,4300,22499,10139,12360,2373,842,1531,30839,13599,17240
226,136,2,1,1,2,1,1,99,95,4,113,108,5,21,19,2
226,166,7449,4789,2660,9890,6527,3363,27895,14455,13440,45901,23512,22389,22648,6470,16178
226,35,27596,13131,14465,27596,13131,14465,15789,6715,9074,15790,6715,9075,3948,1681,2267
226,113,484,256,228,1757,803,954,894,358,536,361,161,200,556,280,276
226,124,15791,9321,6470,18801,10879,7922,13792,8713,5079,22254,14487,7767,3757,3227,530
226,161,9930,4354,5576,7643,3384,4259,109,68,41,86,57,29,7,4,3
226,203,6543,3328,3215,3996,2219,1777,1168,526,642,653,206,447,694,241,453
226,205,14,6,8,16,5,11,12,5,7,37,16,21,3,1,2
226,16,10904,9064,1840,10904,9064,1840,3873,3367,506,3873,3368,505,1495,1325,170
226,97,1070,226,844,1070,226,844,52,24,28,53,24,29,21,10,11
226,55,7,1,6,6,0,6,13,1,12,26,4,22,3,1,2
226,211,10,4,6,12,5,7,0,0,0,0,0,0,0,0,0
226,229,706,410,296,9,6,3,9,6,3,28,16,12,13,8,5
226,18,100,37,63,99,36,63,15,7,8,15,6,9,15,5,10
226,31,35,19,16,35,20,15,102,71,31,80,55,25,29,11,18
226,56,1782,1258,524,1822,1266,556,24313,14284,10029,21724,13284,8440,5770,5008,762
226,95,846,412,434,846,412,434,553,291,262,552,290,262,132,79,53
226,162,340,225,115,290,191,99,555,311,244,628,348,280,104,48,56
226,169,2,2,0,2,1,1,1,1,0,2,1,1,49,30,19
226,170,5258,748,4510,5096,151,4945,4947,4025,922,5332,4282,1050,255,135,120
226,187,472,244,228,668,357,311,168,105,63,188,117,71,367,234,133
226,216,488,82,406,346,18,328,1223,694,529,594,334,260,41,31,10
226,59,1778,717,1061,1786,747,1039,650,142,508,650,142,508,467,117,350
226,73,390,178,212,389,178,211,1136,458,678,1136,459,677,2487,826,1661
226,96,72,33,39,72,34,38,135,58,77,135,59,76,108,45,63
226,101,216,74,142,402,159,243,54,28,26,120,78,42,13,0,13
226,114,2,2,0,2,2,0,1,0,1,2,0,2,2,1,1
226,120,8,5,3,17,12,5,7,6,1,14,13,1,6,4,2
226,153,3072,1434,1638,583,87,496,931,155,776,850,193,657,840,133,707
226,199,1599,729,870,736,313,423,1454,616,838,2232,950,1282,2420,1135,1285
226,218,1269,279,990,1623,423,1200,2145,679,1466,4157,1723,2434,3561,1357,2204
226,83,248,170,78,241,168,73,16,10,6,17,11,6,9,7,2
226,104,691,297,394,690,296,394,1620,759,861,1620,759,861,105,52,53
226,163,7,3,4,8,3,5,17,10,7,11,6,5,4,0,4
226,193,60,33,27,242,123,119,100,31,69,347,195,152,522,206,316
226,12,236,128,108,236,129,107,273,100,173,272,100,172,485,234,251
226,19,128,21,107,112,16,96,373,150,223,153,40,113,337,178,159
226,74,3203,640,2563,3203,640,2563,13203,6282,6921,2635,2552,83,9496,4068,5428
226,80,5871,1172,4699,5870,1172,4698,13930,3707,10223,13930,3707,10223,3763,1726,2037
226,121,4,1,3,3,2,1,9,0,9,7,0,7,26,12,14
226,145,1731,713,1018,1699,748,951,1594,669,925,497,233,264,615,104,511
226,200,426,211,215,456,238,218,928,226,702,1403,148,1255,1796,1224,572
226,164,6,3,3,8,4,4,30,14,16,43,21,22,1,1,0
226,50,1,0,1,0,0,0,0,0,0,0,0,0,0,0,0
226,133,17,15,2,14,13,1,11,4,7,20,8,12,45,33,12
226,157,1,1,0,2,0,2,20,13,7,22,13,9,9,6,3
226,8,0,0,0,0,0,0,3,2,1,3,2,1,0,0,0
226,24,2,1,1,1,1,0,3,3,0,3,3,0,2,2,0
226,42,0,0,0,2,1,1,1,0,1,2,1,1,5,1,4
226,63,2,1,1,2,1,1,4,3,1,9,5,4,15,9,6
226,225,0,0,0,0,0,0,0,0,0,1,0,1,1,1,0
226,37,18338,8595,9743,21366,10076,11290,2902,546,2356,12009,5101,6908,19235,9038,10197
226,220,207119,107360,99759,237793,124326,113467,86768,47354,39414,99942,42175,57767,127986,37170,90816
226,11,20480,8184,12296,6322,1263,5059,10720,3410,7310,29360,11380,17980,23498,9370,14128
226,147,295,92,203,470,123,347,821,395,426,910,437,473,821,392,429
226,146,79,28,51,80,39,41,48,24,24,47,29,18,45,16,29
226,87,4,2,2,5,2,3,26,13,13,28,14,14,3,2,1
226,3,101,52,49,101,52,49,5,2,3,4,1,3,3,2,1
226,68,0,0,0,0,0,0,0,0,0,11,8,3,1,1,0
226,28,0,0,0,0,0,0,0,0,0,126,82,44,26,17,9
227,31,0,0,0,0,0,0,0,0,0,0,0,0,1,0,1
227,83,433,370,63,425,364,61,12,4,8,13,4,9,0,0,0
227,62,2,1,1,1,0,1,2,1,1,2,1,1,1,1,0
227,42,1,1,0,0,0,0,0,0,0,0,0,0,1,1,0
227,37,10,5,5,10,5,5,13,6,7,12,6,6,0,0,0
227,146,888,420,468,879,410,469,164,58,106,166,63,103,381,194,187
227,76,2,0,2,3,0,3,1,1,0,1,0,1,2,0,2
228,2,1002,697,305,992,694,298,37008,20300,16708,36998,20302,16696,966,529,437
228,31,0,0,0,0,0,0,0,0,0,0,0,0,0,0,0
228,56,2,1,1,2,2,0,4,3,1,4,2,2,0,0,0
228,170,6,3,3,2,1,1,44,25,19,45,27,18,1,1,0
228,101,1,1,0,1,1,0,0,0,0,1,1,0,0,0,0
228,153,0,0,0,0,0,0,5,5,0,6,6,0,30,25,5
228,83,102,101,1,101,100,1,2,1,1,2,1,1,0,0,0
228,74,1,0,1,0,0,0,21,14,7,21,14,7,1,0,1
228,42,2,1,1,1,0,1,1,0,1,1,0,1,3,2,1
229,60,53,25,28,2,1,1,20,2,18,22,3,19,25,12,13
229,69,21,17,4,38,27,11,20,18,2,11,0,11,27,12,15
229,2,113,58,55,114,59,55,968,580,388,968,580,388,45,27,18
229,64,29,20,9,317,197,120,794,589,205,393,157,236,997,248,749
229,118,2280,2143,137,2498,2394,104,2527,2064,463,1628,1262,366,2417,1730,687
229,191,32,0,32,24,4,20,6,3,3,28,14,14,15,8,7
229,203,0,0,0,0,0,0,0,0,0,0,0,0,0,0,0
229,15,588,347,241,608,336,272,3039,1985,1054,5270,3509,1761,378,328,50
229,55,2,1,1,1,0,1,3,1,2,6,2,4,1,1,0
229,100,276,120,156,271,183,88,454,353,101,68,44,24,141,73,68
229,103,950,57,893,1131,697,434,3254,1717,1537,2856,1572,1284,938,334,604
229,107,225,104,121,225,108,117,1284,1026,258,1194,934,260,2854,2219,635
229,111,7239,3459,3780,4105,3888,217,2668,1232,1436,11641,7300,4341,17513,8285,9228
229,115,99,24,75,98,24,74,285,166,119,285,165,120,283,200,83
229,165,912,849,63,792,410,382,5099,3578,1521,17859,15238,2621,1691,1492,199
229,180,7111,5150,1961,8051,5683,2368,70869,53661,17208,110337,82417,27920,100486,53895,46591
229,195,34,21,13,33,20,13,31,18,13,32,18,14,15,9,6
229,211,23,14,9,25,14,11,2,1,1,2,1,1,32,17,15
229,217,12530,9167,3363,15817,11330,4487,9629,4878,4751,90112,63801,26311,878,41,837
229,18,10,8,2,9,7,2,1,1,0,2,2,0,3,3,0
229,31,2,1,1,2,2,0,7,6,1,6,5,1,5,5,0
229,56,14,12,2,14,12,2,67,43,24,57,37,20,28,17,11
229,95,27,20,7,28,21,7,44,32,12,44,32,12,24,11,13
229,162,20,18,2,16,15,1,29,10,19,29,8,21,4,1,3
229,170,236,22,214,228,4,224,37,36,1,25,25,0,12,10,2
229,187,6,6,0,10,8,2,3,2,1,3,3,0,7,5,2
229,59,34,15,19,34,15,19,7,3,4,6,3,3,13,1,12
229,73,8,5,3,7,5,2,9,4,5,9,4,5,36,23,13
229,96,0,0,0,0,0,0,1,0,1,0,0,0,1,0,1
229,101,10,6,4,20,12,8,2,1,1,6,5,1,1,1,0
229,114,0,0,0,0,0,0,1,1,0,0,0,0,0,0,0
229,153,9,1,8,13,8,5,33,17,16,102,58,44,179,93,86
229,199,26,15,11,12,6,6,69,42,27,363,208,155,758,458,300
229,218,5112,2866,2246,5228,2926,2302,2019,820,1199,3169,1516,1653,2132,1030,1102
229,83,30,26,4,30,26,4,2,0,2,3,1,2,1,1,0
229,104,94,47,47,93,47,46,18,16,2,18,16,2,4,2,2
229,193,17,14,3,52,41,11,29,23,6,69,53,16,43,27,16
229,12,7,4,3,6,4,2,8,4,4,8,5,3,14,9,5
229,19,0,0,0,2,2,0,3,2,1,4,3,1,87,56,31
229,74,30,6,24,29,5,24,628,264,364,108,22,86,37,16,21
229,80,351,174,177,351,175,176,552,423,129,552,423,129,96,69,27
229,145,31,22,9,36,24,12,270,163,107,26,24,2,107,56,51
229,200,58,34,24,60,35,25,49,25,24,56,14,42,69,52,17
229,148,2,1,1,7,2,5,9,2,7,1,0,1,2,1,1
229,24,0,0,0,1,1,0,0,0,0,0,0,0,0,0,0
229,37,286,138,148,303,145,158,400,214,186,488,260,228,228,115,113
229,220,6896,4484,2412,7381,4811,2570,7223,738,6485,7548,3478,4070,6880,3318,3562
229,11,93,51,42,76,41,35,170,90,80,70,40,30,45,29,16
229,68,0,0,0,0,0,0,0,0,0,1,1,0,0,0,0
230,67,30,19,11,30,18,12,43,29,14,43,29,14,4,4,0
230,123,41934,18493,23441,1774,805,969,2157,961,1196,775,356,419,503,229,274
230,140,1318,686,632,1033,488,545,1034,385,649,1049,452,597,221,81,140
230,219,3687,1685,2002,917,436,481,1739,713,1026,1580,803,777,1692,451,1241
230,231,4849,2765,2084,3522,2004,1518,3429,1957,1472,607,349,258,289,153,136
230,5,20,5,15,19,5,14,47,15,32,46,14,32,99,33,66
230,64,4,3,1,3,2,1,4,3,1,2,1,1,5,2,3
230,27,1222,656,566,1560,840,720,2430,1280,1150,2456,1296,1160,3174,1639,1535
230,116,5,3,2,6,3,3,1,1,0,1,1,0,1,1,0
230,142,196,117,79,306,192,114,832,547,285,115,72,43,252,158,94
230,191,6534,3344,3190,10188,4957,5231,4553,1923,2630,16469,7837,8632,16379,7944,8435
230,202,7,3,4,4,2,2,2,1,1,1,0,1,2,1,1
230,97,88,12,76,89,13,76,63,32,31,63,31,32,25,12,13
230,55,14,4,10,14,4,10,29,9,20,54,19,35,6,3,3
230,31,2,1,1,1,0,1,3,1,2,2,1,1,4,2,2
230,56,2,2,0,2,2,0,22,13,9,20,13,7,11,8,3
230,95,5,2,3,5,3,2,3,0,3,3,1,2,2,0,2
230,162,9,6,3,6,4,2,10,6,4,10,7,3,3,3,0
230,170,65,8,57,62,1,61,112,74,38,106,69,37,8,4,4
230,59,84,31,53,83,30,53,99,32,67,99,33,66,68,23,45
230,73,7,1,6,7,2,5,48,20,28,48,20,28,66,27,39
230,96,1,0,1,1,1,0,2,0,2,1,0,1,2,0,2
230,101,116,52,64,215,104,111,25,13,12,64,45,19,7,1,6
230,153,25,15,10,44,8,36,70,28,42,214,99,115,70,32,38
230,199,36,16,20,17,7,10,60,22,38,100,27,73,121,60,61
230,218,1974,697,1277,2286,822,1464,2397,862,1535,4288,1847,2441,3394,1310,2084
230,52,0,0,0,0,0,0,23,13,10,23,14,9,0,0,0
230,83,42,9,33,45,9,36,22,10,12,22,10,12,11,8,3
230,104,70,31,39,69,31,38,358,172,186,357,171,186,16,8,8
230,182,38,18,20,16,7,9,0,0,0,1,1,0,2,1,1
230,193,8,4,4,226,106,120,128,61,67,30,14,16,1,0,1
230,12,8,4,4,8,4,4,9,3,6,9,3,6,16,6,10
230,19,0,0,0,3,1,2,28,15,13,25,6,19,4,0,4
230,74,9,1,8,9,2,7,79,50,29,52,42,10,26,11,15
230,80,39,0,39,39,1,38,256,82,174,256,82,174,31,13,18
230,145,194,94,100,215,102,113,138,46,92,8,2,6,44,8,36
230,200,51,28,23,53,28,25,18,2,16,41,8,33,54,38,16
230,38,4,3,1,5,3,2,1,1,0,1,1,0,1,0,1
230,8,0,0,0,0,0,0,0,0,0,0,0,0,0,0,0
230,24,2,1,1,1,0,1,0,0,0,1,0,1,0,0,0
230,42,2,1,1,1,0,1,1,0,1,1,0,1,2,1,1
230,37,427,203,224,468,223,245,579,300,279,747,385,362,419,206,213
230,220,1426,677,749,1607,769,838,5331,2526,2805,5471,1520,3951,5620,2255,3365
230,11,667,318,349,491,237,254,1060,540,520,1670,860,810,921,417,504
230,147,47,23,24,652,318,334,335,162,173,118,57,61,97,45,52
230,68,0,0,0,0,0,0,0,0,0,1,1,0,0,0,0
231,67,43,32,11,43,31,12,75,52,23,76,53,23,5,5,0
231,123,37420,17032,20388,1539,739,800,1871,884,987,672,327,345,436,209,227
231,140,5500,2694,2806,3969,1670,2299,3244,931,2313,3313,1257,2056,948,304,644
231,219,164,98,66,41,25,16,60,24,36,56,47,9,327,142,185
231,230,10918,5263,5655,14651,6983,7668,3388,1664,1724,4662,1658,3004,2397,1880,517
231,64,8,7,1,5,4,1,5,4,1,2,1,1,6,4,2
231,27,3012,1462,1550,3846,1924,1922,5989,3112,2877,6051,3148,2903,7822,3980,3842
231,116,5,3,2,6,3,3,1,1,0,1,1,0,1,1,0
231,142,934,405,529,1466,697,769,3969,2064,1905,546,261,285,1202,577,625
231,191,20869,12790,8079,44329,24985,19344,25186,14751,10435,171969,117849,54120,151178,85228,65950
231,203,0,0,0,0,0,0,0,0,0,1,1,0,0,0,0
231,55,32,12,20,31,11,20,64,25,39,123,52,71,15,9,6
231,31,5,3,2,5,4,1,7,5,2,7,5,2,5,2,3
231,56,3,2,1,3,3,0,14,7,7,12,7,5,16,10,6
231,95,9,7,2,9,8,1,6,4,2,6,4,2,9,6,3
231,162,5,2,3,4,3,1,39,16,23,42,17,25,4,1,3
231,170,19,6,13,17,1,16,85,47,38,87,49,38,2,2,0
231,59,60,24,36,59,24,35,42,18,24,42,19,23,74,33,41
231,73,5,2,3,4,2,2,23,15,8,23,16,7,44,28,16
231,96,2,0,2,2,0,2,1,1,0,1,1,0,3,2,1
231,101,468,220,248,827,419,408,979,514,465,574,154,420,65,9,56
231,114,0,0,0,1,1,0,1,1,0,1,1,0,1,1,0
231,153,20,9,11,58,31,27,33,13,20,47,28,19,61,28,33
231,199,37,17,20,18,8,10,85,59,26,103,41,62,111,62,49
231,218,13228,5914,7314,13803,6133,7670,31973,14039,17934,38476,17394,21082,14605,5606,8999
231,83,192,82,110,197,81,116,10,4,6,11,7,4,19,14,5
231,104,61,17,44,60,16,44,365,184,181,365,184,181,16,8,8
231,127,3,1,2,5,4,1,5,2,3,6,5,1,8,6,2
231,163,457,203,254,492,220,272,507,223,284,449,88,361,99,85,14
231,182,18,7,11,8,3,5,0,0,0,0,0,0,1,0,1
231,193,12,6,6,389,205,184,220,117,103,102,46,56,29,19,10
231,12,21,11,10,21,12,9,24,9,15,24,10,14,43,22,21
231,19,0,0,0,2,1,1,33,18,15,48,29,19,21,12,9
231,74,13,2,11,12,2,10,64,44,20,173,53,120,53,21,32
231,145,306,159,147,261,140,121,186,112,74,252,110,142,31,19,12
231,200,136,93,43,140,95,45,80,19,61,122,13,109,160,111,49
231,14,0,0,0,0,0,0,7,3,4,7,4,3,1,0,1
231,38,7,5,2,7,4,3,1,0,1,1,1,0,1,0,1
231,174,1,1,0,1,1,0,0,0,0,0,0,0,0,0,0
231,50,1,0,1,2,1,1,0,0,0,0,0,0,0,0,0
231,8,0,0,0,0,0,0,0,0,0,1,0,1,0,0,0
231,24,5,2,3,4,2,2,3,1,2,4,1,3,0,0,0
231,42,5,2,3,4,2,2,2,1,1,2,0,2,5,1,4
231,225,1,1,0,0,0,0,0,0,0,2,1,1,0,0,0
231,37,878,418,460,952,455,497,2744,1379,1365,3153,1589,1564,1170,576,594
231,220,2804,1303,1501,3115,1458,1657,15899,7373,8526,16226,7099,9127,7190,3175,4015
231,11,2233,1107,1126,1612,819,793,9580,4850,4730,12030,5910,6120,5123,2548,2575
231,147,146,75,71,1985,967,1018,4987,2418,2569,376,176,200,246,111,135
231,68,0,0,0,0,0,0,0,0,0,6,6,0,0,0,0
231,28,0,0,0,0,0,0,0,0,0,101,58,43,21,12,9
